$rmse
[1] 0.254563

$mse
[1] 0.0648023

$pred.error
  [1] 7.897687e-04 2.548790e-01 3.905147e-02 2.058843e-01 6.007312e-02 1.732561e-02 2.902604e-03 4.700630e-02 1.183014e-01
 [10] 1.348109e-01 1.403825e-01 9.949396e-02 4.171271e-02 1.493554e-02 2.731126e-02 5.554751e-03 1.248596e-01 6.984990e-02
 [19] 2.291154e-01 3.879528e-02 6.011735e-02 1.311747e-01 2.783231e-06 3.129794e-02 4.162548e-01 2.976855e-02 2.699594e-04
 [28] 2.110438e-02 1.918434e-02 5.230430e-02 8.586056e-02 8.556298e-02 4.473809e-02 6.720107e-02 1.958697e-02 1.625189e-02
 [37] 7.763376e-03 1.965261e-02 2.283937e-03 3.400423e-03 7.129703e-02 1.138683e-01 5.178174e-02 3.281854e-02 1.574889e-04
 [46] 1.572754e-03 9.105783e-02 2.055951e-02 9.397969e-03 1.320423e-02 1.359400e-01 3.124989e-02 5.491149e-02 3.928099e-02
 [55] 4.093795e-03 3.224034e-02 7.056213e-02 7.790354e-03 4.118912e-04 1.443868e-03 3.390888e-03 2.513983e-03 2.617663e-04
 [64] 2.550727e-01 3.596205e-01 1.927265e-03 1.222685e-02 6.797881e-04 2.913859e-04 2.357821e-01 7.910269e-03 1.307163e-04
 [73] 8.845666e-02 3.517983e-02 1.668215e-02 1.618262e-02 2.898611e-03 1.073327e-02 5.172749e-02 5.409967e-02 9.060939e-02
 [82] 1.695743e-03 4.655295e-05 8.110538e-02 7.150972e-03 2.219639e-03 1.199368e-02 2.514944e-03 2.748977e-03 5.701593e-04
 [91] 7.622143e-02 1.663147e-01 2.275860e-01 5.779618e-02 4.520554e-02 3.525177e-05 1.746066e-02 4.093468e-05 1.772546e-01
[100] 3.695096e-02 3.979106e-01 2.670872e-01 6.851937e-02 2.086895e-02 2.335210e-02 7.675489e-03 2.861870e-01 1.131586e-01
[109] 4.854503e-04 1.256595e-01 2.066510e-01 7.689600e-02 3.865139e-01 6.017552e-02 8.726250e-05 3.533464e-01 2.216891e-02
[118] 1.800661e-01 6.372689e-02 5.610757e-02 2.333859e-01 9.480081e-02 6.445050e-02 1.474165e-02 3.595833e-01 7.921003e-03
[127] 7.087896e-03 1.313789e-01 5.148088e-02 1.133356e-01 6.788956e-02 1.650458e-01 5.926195e-04 1.537864e-03 2.132503e-02
[136] 1.397858e-01 5.497481e-04 3.164803e-02 6.680471e-02 2.503678e-02 1.328622e-06 4.270068e-02 4.793419e-03 5.509602e-02
[145] 2.623679e-02 1.837753e-03 9.482339e-02 3.574444e-02 9.016006e-02 4.166410e-02 9.450931e-06 1.400365e-03 2.799985e-02
[154] 1.831833e-02 5.078946e-02 1.173525e-02 1.770696e-02 1.278072e-02 1.649369e-02 2.451548e-02 5.060988e-03 1.638977e-04
[163] 3.483888e-03 5.434540e-02 7.744916e-03

$rmse
[1] 0.8027496

$mse
[1] 0.6444069

$pred.error
  [1] 1.7254991066 1.7150095669 1.1762042400 1.1326084805 0.1295503870 0.0516068534 0.4497447122 0.4167940654 0.4481609138
 [10] 0.6961064257 0.3507953471 0.3853165248 0.5533163114 1.0536278991 1.0029601048 0.5738787773 0.0728164560 0.0435452084
 [19] 0.0149899538 1.3638360730 2.1215363548 1.1210638182 0.7637428532 0.9789625593 1.0799307932 0.7102270346 1.2280902001
 [28] 1.3514978168 0.6628446362 0.1804618356 0.0017725823 0.0830678220 0.1888580609 0.2273371772 0.0263982374 0.0257086372
 [37] 0.3636146889 0.6062759498 0.2214872396 0.2712809419 0.2321197680 0.0001913622 0.0165510958 0.0167672261 0.0019608815
 [46] 0.3071211184 0.0541156584 0.4896154602 0.5332927773 0.2414389833 0.4210241920 0.4324346519 0.4672106493 0.2723811401
 [55] 0.1382284938 0.2820814835 0.0891761807 0.0618943802 0.6179419674 1.7417154186 1.6393147861 0.8323856771 0.7725844884
 [64] 0.9453436401 0.0197667073 0.1141975971 0.0468749702 0.3091565048 0.7338815583 0.4670644525 0.3704989755 0.1149729067
 [73] 0.3228397339 0.5684401571 0.5253193767 0.5681601688 0.5756182406 0.1509421513 0.5082540824 0.2118186576 0.0113342705
 [82] 0.0270457140 0.0198430617 0.0329441390 0.0380016793 0.0324574709 0.4136725676 1.1145650740 0.9400168962 2.3362723176
 [91] 1.9395353106 1.3941473471 0.8731369941 1.0381078526 0.6527328738 2.5262448407 3.7240794564 2.4719774978 1.9787664043
[100] 0.8215418109 0.6298044283 0.0003357879 0.0094898506 0.0267370179 0.0134381770 0.6905593956 0.9765474024 3.0797472974
[109] 1.7893498061 2.0587420089 1.9766895419 1.2000037795 2.2639737118 2.0277140934 2.0634086650 2.6455852218 2.1995128912
[118] 0.9295574861 0.6033763661 1.3959762424 0.6389381176 0.5784635620 0.6355369573 1.5051915696 1.4747779400 1.1492772104
[127] 0.4288752898 0.3885250766 0.0974021711 0.0856897296 0.1423434156 0.1145815276 0.4983564946 0.1080007425 0.1808052583
[136] 0.0831833126 0.0226315290 0.0410136369 0.0118982192 0.1781420094 0.0416544883 0.0264107901 0.0541355659 0.0009223750
[145] 0.1799194005 0.1778363574 0.2102844031 0.1647977425 0.4873569929 0.2469109763 0.2229293178 0.3479419814 0.6378679963
[154] 0.2203833291 0.1247265229 0.0014920521 0.0366311912 0.1166224880 0.0460478447

$rmse
[1] 1.185547

$mse
[1] 1.405521

$pred.error
  [1] 1.276451e-01 1.200433e-01 1.138555e-04 2.741444e-04 8.158599e-02 6.111435e-01 1.120484e+00 1.607874e+00 1.732939e+00
 [10] 1.849893e+00 4.648306e-01 1.594561e-01 5.444369e-02 2.294437e-01 5.392421e-01 3.970913e-01 5.910412e-01 5.943731e-01
 [19] 1.091712e+00 2.655121e+00 4.079059e+00 3.573083e+00 1.737084e+00 1.246554e+00 6.798972e-01 1.255638e-01 2.997392e-01
 [28] 1.096475e-01 7.637211e-02 1.548214e-01 2.853347e-01 3.216913e-01 4.615668e-03 1.548700e-02 1.540920e-01 1.385530e-02
 [37] 1.330954e-01 1.724571e-01 2.503250e-01 7.981563e-01 5.008875e-01 5.680029e-01 4.779695e-01 2.665965e-01 4.232759e-01
 [46] 1.197219e+00 6.817430e-01 1.069063e+00 8.995201e-01 7.583173e-01 9.863410e-01 6.024132e-01 1.995245e+00 3.341142e+00
 [55] 2.832390e+00 2.519307e+00 1.654307e+00 1.700642e+00 6.143961e-01 8.400640e-01 6.703443e-01 1.108054e-01 3.807019e-02
 [64] 3.490061e-02 3.522615e-02 4.905711e-01 3.929854e-01 8.061222e-01 1.810742e+00 1.768789e+00 1.212984e+00 5.741376e-01
 [73] 9.836850e-01 1.113128e+00 3.672844e-01 1.499981e-01 1.077472e-01 2.032012e-05 3.022361e-02 1.149578e-01 7.677558e-01
 [82] 2.398587e+00 1.575895e+00 1.770112e+00 2.404937e+00 1.761412e+00 1.850744e+00 2.927421e+00 2.700599e+00 7.056853e+00
 [91] 9.370395e+00 5.994894e+00 4.566168e+00 3.569750e+00 2.679872e+00 1.684168e+00 2.617132e+00 2.825196e+00 3.810558e+00
[100] 3.908866e+00 3.726032e+00 4.722514e+00 2.846659e+00 2.461884e+00 2.402465e+00 3.144632e+00 3.853592e+00 5.006530e+00
[109] 3.610108e+00 6.718137e+00 4.663497e+00 2.171176e+00 2.675065e+00 4.242158e+00 3.296658e+00 2.435298e+00 2.686187e+00
[118] 2.829353e+00 3.174912e+00 3.391533e+00 1.256025e+00 1.092876e+00 7.487709e-01 1.584935e+00 1.646301e+00 1.001776e+00
[127] 1.435443e+00 8.501991e-01 5.103852e-01 3.085796e-01 1.254028e-02 5.851008e-03 2.160028e-01 2.931070e-01 3.144338e-01
[136] 2.636726e-02 4.765493e-02 3.106960e-03 1.382622e-01 8.519916e-06 3.293833e-02 1.496818e-01 1.110764e-01 1.733923e-01
[145] 5.245553e-01 7.425463e-01 1.113873e+00 5.458764e-01 5.313047e-01 8.482175e-02 4.377938e-02 1.274794e-02 1.845600e-01

$rmse
[1] 0.39489

$mse
[1] 0.1559381

$pred.error
  [1] 2.890640e-01 9.225055e-03 1.182407e-02 7.891857e-02 2.976452e-04 5.438223e-04 2.808228e-02 2.655044e-03 2.661301e-03
 [10] 2.156526e-01 1.661666e-01 1.104860e-01 1.602398e-02 2.336910e-03 4.508949e-02 2.387005e-03 1.070285e-01 4.983011e-02
 [19] 1.997783e-01 4.787730e-02 6.947963e-03 1.789247e-01 2.730987e-03 5.746410e-02 4.894889e-01 3.483356e-02 2.582255e-03
 [28] 2.489023e-02 3.734679e-02 8.622004e-02 1.083367e-01 9.026193e-02 5.360175e-02 7.513770e-02 1.183558e-02 4.082755e-03
 [37] 4.776537e-04 4.874701e-02 5.088126e-04 4.220636e-05 1.078644e-01 1.566082e-01 6.946021e-02 1.921376e-02 8.129279e-04
 [46] 4.633214e-05 6.032901e-02 4.331209e-02 2.502268e-02 2.870689e-02 1.760486e-01 1.827152e-02 7.811357e-02 5.672993e-02
 [55] 6.620009e-04 4.323921e-02 8.562361e-02 3.830323e-03 3.230175e-03 7.714962e-03 1.278385e-02 6.716176e-03 7.848166e-04
 [64] 3.085436e-01 3.952975e-01 6.867635e-03 1.056818e-02 6.432172e-04 3.911395e-03 1.827777e-01 6.243201e-03 3.027675e-03
 [73] 7.325188e-02 8.488799e-02 1.994578e-02 2.079835e-03 1.222043e-03 8.153286e-04 5.463450e-02 2.496603e-02 5.593147e-02
 [82] 3.517282e-02 1.788444e-02 1.092655e-01 2.508557e-03 1.826952e-03 1.066234e-02 1.583607e-03 5.686127e-02 7.272296e-03
 [91] 1.027290e-01 1.576408e-01 2.762584e-01 5.990677e-02 7.693869e-05 1.742831e-03 3.701488e-03 2.008843e-02 6.431371e-02
[100] 1.120538e-01 4.927972e-04 9.705639e-04 1.323423e+00 9.182988e-01 4.167808e+00 1.471657e+00 2.957809e+00 4.094236e-01
[109] 2.108808e+00 1.481898e-02 6.606893e-01 1.820286e+00 1.744192e-02 2.727536e-01 1.419881e-03 2.125324e-02 5.814960e-03
[118] 3.783083e-03 2.631203e-02 6.029873e-04 1.971866e-04 8.050534e-01 1.982588e-04 3.467354e-02 1.266047e-02 3.021270e-01
[127] 8.147053e-02 1.680762e-01 4.168446e-02 6.246289e-04 3.849644e-02 1.553725e-01 2.744225e-02 8.239655e-02 2.030286e-03
[136] 7.321244e-02 1.465058e-04 1.022306e-01 6.676977e-02 2.367366e-01 3.212663e-02 2.460452e-04 2.773178e-02 2.940190e-01
[145] 1.515551e-01 1.860107e-01 3.465911e-04 1.169594e-01 4.085340e-02 4.834056e-03 1.070702e-02 3.391029e-02 1.373195e-02
[154] 1.106808e-02 1.256706e-01 7.241115e-03 1.239775e-02 8.221506e-03 2.856681e-02 2.568555e-02 2.308167e-05 5.439597e-05
[163] 4.427234e-03 1.747406e-01 5.101704e-04

$rmse
[1] 1.118473

$mse
[1] 1.250983

$pred.error
  [1] 6.369521e-01 1.971705e-02 3.286117e-02 1.429923e-01 1.439836e-01 4.759961e-01 1.139962e+00 1.487119e+00 2.007545e+00
 [10] 1.434519e+00 6.018433e-01 4.508360e-01 3.374381e-01 6.953166e-01 6.753720e-01 3.851386e-01 1.755245e-02 1.072925e-02
 [19] 4.475694e-02 1.239855e+00 1.836925e-03 1.699498e+00 1.189461e+00 1.561506e+00 1.603800e+00 8.631191e-01 1.687814e+00
 [28] 1.523977e+00 1.139918e+00 4.971719e-01 4.549219e-02 4.538494e-02 9.721073e-02 2.265291e-01 3.270292e-04 1.929552e-01
 [37] 8.051519e-01 1.214608e+00 5.780953e-01 6.311330e-01 5.569408e-01 5.504912e-02 6.951539e-04 3.598453e-03 4.444859e-02
 [46] 5.794316e-01 2.047378e-01 9.134726e-01 9.409378e-01 4.952505e-01 7.317579e-01 6.777351e-01 7.430367e-01 4.593051e-01
 [55] 2.645260e-01 3.834874e-01 1.644190e-01 1.190100e-01 8.382845e-01 2.220934e+00 2.150473e+00 1.069548e+00 1.062176e+00
 [64] 1.298470e+00 5.486289e-02 3.811020e-02 2.936709e-02 2.802490e-01 9.331390e-01 2.296130e-01 3.557620e-01 9.287438e-03
 [73] 1.998388e-01 1.072163e+00 5.184357e-01 2.179131e-01 5.961659e-01 8.402682e-04 4.681705e-01 4.066866e-02 1.511960e-02
 [82] 3.758025e-01 1.993423e-01 6.232000e-02 3.624976e-01 1.497133e-04 5.197302e-01 7.174381e-01 2.284426e-01 2.970124e+00
 [91] 2.366171e+00 1.414252e+00 1.218601e+00 1.100357e+00 9.272078e-02 3.045671e+00 2.056858e+00 1.424239e+00 9.498214e-01
[100] 3.542932e-01 1.169672e+00 2.885096e+00 8.416710e+00 5.316128e+00 3.309870e+01 9.407410e+00 6.706228e+00 1.039447e+00
[109] 1.036770e+01 1.266930e-04 6.524597e+00 1.851743e+01 9.615332e-02 3.632383e+00 7.049797e-01 1.285529e-03 1.207315e-01
[118] 3.285007e-01 1.288731e-03 1.374853e-02 1.312565e+00 4.031145e+00 9.917312e-01 8.856650e-02 1.888616e+00 8.032163e-01
[127] 8.637304e-01 1.582573e-01 2.078285e+00 1.144913e+00 2.156812e+00 2.515596e-02 2.340807e-04 6.752346e-01 9.225044e-04
[136] 3.523335e-02 2.716452e-01 1.300772e-04 1.172462e-01 1.408039e+00 3.681423e-01 1.753303e-01 7.892717e-01 8.430323e-01
[145] 4.394710e-02 3.759153e-01 9.189017e-02 1.123210e-03 2.064622e-01 5.399689e-02 3.752427e-02 3.959878e-02 4.452130e-01
[154] 1.822355e-01 4.879522e-01 7.906713e-03 3.735116e-02 1.434187e-01 9.419339e-02

$rmse
[1] 1.342256

$mse
[1] 1.80165

$pred.error
  [1]  5.868620479  0.711597120  0.915718703  0.951576202  1.365841997  1.693034377  2.476065035  3.988861281  3.861656991
 [10]  3.466609165  1.007394137  0.217261332  0.033963291  0.373022025  0.933037603  0.724061473  0.977794391  0.700425122
 [19]  1.245193902  2.715056059  0.033028525  4.938129583  2.557809950  2.162047741  1.284706824  0.253659201  0.749236964
 [28]  0.203171867  0.427410973  0.623773131  0.631909534  0.528111395  0.082371796  0.043949454  0.499833809  0.269398666
 [37]  0.625322907  0.710445369  0.799126002  1.623914606  1.173085139  1.216914419  0.829809141  0.632929114  0.759968049
 [46]  1.954265211  1.231958785  1.886581380  1.592999974  1.309233429  1.630253097  1.000589294  2.731569287  4.148437250
 [55]  3.475298985  2.822355828  2.033981926  2.039963250  0.883775521  1.236595972  1.057207452  0.234800532  0.131889375
 [64]  0.135006170  0.006579693  0.268821129  0.284096799  0.671719581  1.970851160  1.170178271  1.068395717  0.204844629
 [73]  0.662856962  1.688658177  0.302187132  0.001843724  0.083858499  0.214807665  0.008100477  0.416607653  1.326134378
 [82]  4.070477402  1.048608575  1.767711454  3.810548124  1.442381124  2.241996115  2.463371283  1.522232116  8.268154911
 [91] 10.458270526  6.340860288  5.540694920  3.818808592  1.580519493  2.215710900  1.465354866  1.886969945  2.542098130
[100]  0.269185687  0.008567163  0.143911556  2.073136150  1.137851239 23.363399862  5.203524826  3.210557759  0.150919918
[109]  8.812264998  1.124832588  4.917744782 24.196198859  0.444513037  4.807694643  0.452005547  0.333653865  0.007016087
[118]  0.222982561  0.221379057  0.018694263  2.530186390  3.094033513  0.220232775  1.242306984  4.305368074  3.311658511
[127]  1.183102219  0.051321734  3.031312450  2.054912360  6.014042848  1.153334999  0.391479069  0.885171450  0.018953177
[136]  0.317463284  0.226751669  0.003919282  0.753120507  0.333699448  0.010534226  0.019540335  0.091053245  0.221491729
[145]  0.011677550  0.006568929  0.138167145  0.091120188  0.268436700  0.133618776  0.003761992  0.060100938  0.095024506

$rmse
[1] 0.2802658

$mse
[1] 0.0785489

$pred.error
  [1] 5.841590e-02 4.237862e-01 1.052962e-01 3.315656e-01 1.309362e-01 5.521166e-02 1.752204e-03 1.060345e-01 2.041970e-01
 [10] 6.963973e-02 8.563661e-02 6.105393e-02 2.747923e-02 1.012889e-02 3.403584e-02 4.292101e-03 1.254463e-01 6.363441e-02
 [19] 2.250900e-01 7.446389e-02 1.374392e-02 7.593906e-02 4.520443e-03 9.997228e-03 3.269877e-01 8.478736e-03 6.467645e-03
 [28] 8.081650e-03 2.426229e-03 1.751397e-02 4.078139e-02 3.877593e-02 1.469195e-02 1.084488e-01 4.193300e-02 3.589690e-02
 [37] 2.032436e-02 9.204304e-03 9.863813e-03 1.377733e-02 4.580463e-02 8.289770e-02 3.280397e-02 6.349333e-02 2.961073e-03
 [46] 8.963021e-03 1.215015e-01 8.255034e-03 1.729087e-03 4.660487e-03 9.499876e-02 6.472426e-02 2.735646e-02 1.531089e-02
 [55] 2.152169e-02 5.153427e-03 3.269526e-02 3.316147e-02 5.499447e-03 2.932740e-03 9.438709e-04 1.242871e-03 1.249502e-02
 [64] 1.717298e-01 2.620381e-01 2.925182e-03 2.942788e-02 1.547785e-03 6.189717e-03 3.168518e-01 1.918393e-03 2.769323e-03
 [73] 1.096717e-01 4.182722e-02 2.444201e-02 2.484615e-02 6.582793e-04 2.280274e-02 7.007081e-02 8.285483e-02 1.251845e-01
 [82] 1.062953e-03 4.547517e-03 1.488704e-01 3.347614e-02 1.662910e-03 4.084606e-02 2.008495e-03 2.366745e-02 4.413826e-03
 [91] 3.459199e-02 9.964550e-02 1.601077e-01 4.258298e-02 2.951942e-02 2.900663e-04 2.325287e-02 1.866324e-03 2.049640e-01
[100] 4.797692e-02 4.234368e-01 3.398591e-01 3.573102e-02 1.678429e-03 7.284258e-04 3.982600e-02 1.844984e-01 2.013391e-01
[109] 1.832151e-02 2.147246e-01 3.216884e-01 1.482190e-01 5.080656e-01 1.068964e-01 1.173315e-02 5.026038e-01 6.695170e-02
[118] 2.932539e-01 1.300017e-01 1.285781e-01 3.669386e-01 1.826088e-01 1.680573e-02 8.116317e-02 5.672149e-01 3.490687e-03
[127] 5.574635e-02 2.534666e-01 1.424436e-01 2.316362e-01 1.625563e-01 6.890291e-02 1.226051e-02 2.662188e-02 6.274193e-02
[136] 2.202453e-01 1.270938e-02 6.274041e-02 3.715901e-02 4.778394e-02 1.273692e-03 3.632495e-02 3.660981e-03 5.725752e-02
[145] 2.369653e-02 1.438532e-03 1.067279e-01 2.545456e-02 1.115446e-01 5.167421e-02 7.862826e-04 3.878277e-05 4.384319e-02
[154] 3.047300e-02 7.914958e-02 2.146256e-02 2.631573e-02 2.205974e-02 7.803491e-03 1.419997e-02 6.533140e-04 2.686559e-03
[163] 9.335210e-05 8.378243e-02 1.462926e-02

$rmse
[1] 0.9208124

$mse
[1] 0.8478954

$pred.error
  [1] 3.5418260982 2.7420077319 1.9606843155 2.0460966884 0.4663576747 0.0054274556 0.1369590724 0.1065249243 0.1659283440
 [10] 0.2487382339 0.0953216003 0.1431741791 0.2837521132 0.7767716572 0.8077934519 0.5007802411 0.0653882105 0.0115508221
 [19] 0.0340518702 0.8693013188 1.0499824672 0.6396286158 0.4753280452 0.5649171851 0.6623923058 0.3589702238 0.6079960000
 [28] 1.0093071094 0.2737108047 0.0143967154 0.0555264176 0.3429535720 0.5018841537 0.4955140094 0.1567548896 0.0025021080
 [37] 0.1720093191 0.4123148524 0.0937131380 0.1067197926 0.0937489056 0.0297500916 0.0702864520 0.1293756230 0.0041592083
 [46] 0.1379365744 0.0110989813 0.2890194745 0.3187094452 0.1344454627 0.2094520399 0.1738072817 0.2175496758 0.0829930241
 [55] 0.0149857294 0.0335846933 0.0056410343 0.0010112306 0.2636268941 1.1100342712 1.0594663866 0.4918412145 0.3916083681
 [64] 0.5173155687 0.0176060773 0.4083385588 0.1536911038 0.5154506472 0.9493456128 0.8466160899 0.4499047339 0.1966947952
 [73] 0.3865592905 0.4936367449 0.5523223731 0.6807630338 0.6144205739 0.3068683709 0.5966452092 0.3786433477 0.0629966528
 [82] 0.0072086648 0.0564782626 0.1900309335 0.0156513557 0.0012212618 0.1452265683 0.6474327581 0.5230497578 1.5031535489
 [91] 1.1841460091 0.7800675163 0.4340554605 0.8346489866 0.5608645532 2.3827469068 4.2768429892 3.0676365071 2.4721292688
[100] 1.2832856189 1.0509103705 0.1151185562 0.1221282435 0.5090185022 0.8609357817 2.1950574240 2.5286916561 5.4518884611
[109] 3.9950026416 3.6339226611 4.0902080955 3.0146995723 3.6135807138 2.7797596335 3.1926374285 4.3911482904 3.5620939344
[118] 2.0052287504 1.3194911634 2.6379344617 1.6373502043 1.1184783001 1.3719613063 3.2166263175 3.3332293687 2.6131264371
[127] 1.4514809864 1.1685143919 0.7541048864 0.6681366377 0.8385201583 0.6461300582 1.3997908800 0.6529789667 0.6523131760
[136] 0.4100725911 0.0250383050 0.0008144867 0.0142609461 0.3234786455 0.0998197518 0.0143431713 0.0622096317 0.0003217652
[145] 0.2167704298 0.2639155392 0.3273872397 0.2595696234 0.6622629124 0.3874969318 0.3312664669 0.5049050381 0.8719493067
[154] 0.3583120567 0.2451455715 0.0069029181 0.0083664666 0.0501256373 0.0056547404

$rmse
[1] 1.322869

$mse
[1] 1.749983

$pred.error
  [1] 8.168947e-01 4.204687e-01 9.321569e-02 1.360297e-01 2.970373e-03 2.014787e-01 5.036218e-01 8.566200e-01 1.136353e+00
 [10] 9.445628e-01 1.270591e-01 1.725112e-02 1.512654e-03 4.596971e-01 7.458649e-01 4.831779e-01 6.309574e-01 8.409262e-01
 [19] 1.303450e+00 1.936042e+00 2.417333e+00 2.703389e+00 1.337763e+00 7.881581e-01 3.734489e-01 1.790323e-02 4.572433e-02
 [28] 3.986610e-02 6.170923e-05 1.051689e-02 7.866920e-02 8.444219e-02 3.285361e-02 8.139310e-03 2.262389e-02 8.538545e-03
 [37] 2.972846e-02 8.307899e-02 1.177026e-01 4.914414e-01 2.826287e-01 3.623249e-01 3.322162e-01 8.798689e-02 3.283237e-01
 [46] 8.398795e-01 5.264658e-01 7.777287e-01 6.391562e-01 5.997826e-01 6.631266e-01 3.122318e-01 1.466493e+00 2.604622e+00
 [55] 2.151050e+00 1.575500e+00 1.269090e+00 1.143656e+00 3.170013e-01 4.917552e-01 3.881283e-01 4.136611e-02 3.143517e-04
 [64] 1.747251e-05 1.767750e-01 9.121257e-01 5.508077e-01 9.581464e-01 1.840431e+00 2.300032e+00 1.132666e+00 6.467967e-01
 [73] 9.374007e-01 8.018243e-01 2.978501e-01 1.713289e-01 7.973456e-02 2.084337e-02 2.810349e-02 4.903799e-02 5.874124e-01
 [82] 1.698361e+00 1.542429e+00 1.311246e+00 1.554208e+00 1.395987e+00 1.302562e+00 2.282378e+00 2.130233e+00 5.538639e+00
 [91] 7.554240e+00 4.595042e+00 3.351359e+00 3.211584e+00 2.622197e+00 1.561097e+00 3.284473e+00 3.657489e+00 4.714296e+00
[100] 5.291613e+00 5.183754e+00 6.985344e+00 5.283038e+00 5.282333e+00 7.329925e+00 7.063423e+00 7.723235e+00 9.005275e+00
[109] 7.888914e+00 1.007659e+01 8.895268e+00 5.538086e+00 4.533463e+00 5.431581e+00 4.913302e+00 4.539022e+00 4.463827e+00
[118] 4.924332e+00 4.865413e+00 5.534204e+00 2.861764e+00 1.745201e+00 1.582076e+00 3.487857e+00 3.988558e+00 2.609960e+00
[127] 3.290124e+00 1.995131e+00 1.810803e+00 1.324934e+00 5.421100e-01 3.342547e-01 1.005838e+00 1.228162e+00 1.018436e+00
[136] 3.358312e-01 3.346857e-01 4.691782e-02 8.248442e-03 2.307491e-02 9.092551e-04 9.166222e-02 7.828153e-02 1.618471e-01
[145] 5.347272e-01 9.293361e-01 1.361479e+00 6.564462e-01 6.660627e-01 1.750366e-01 7.967891e-02 4.757454e-02 2.889582e-01

$rmse
[1] 1.414989

$mse
[1] 2.002194

$pred.error
  [1] 2.062325e+00 2.528767e+00 2.027706e+00 2.103104e-04 6.056688e-01 5.555975e-01 3.022997e-01 2.393696e-01 1.066599e+00
 [10] 5.169173e-01 1.322073e-01 4.846031e-02 1.808942e+00 2.541330e+00 1.308262e+00 1.270456e-01 1.608844e-03 3.954386e+00
 [19] 2.509695e+00 2.468770e+00 1.083405e+01 3.689889e+00 1.017065e+00 2.485324e-01 6.407883e-01 5.141487e-04 1.376809e+00
 [28] 2.132906e-02 3.386867e-01 1.667040e-04 5.635023e-02 4.499552e-04 1.680000e-01 1.552972e+00 3.371065e+00 7.556067e-01
 [37] 4.653526e-01 2.437785e-01 3.973376e-05 2.391540e-02 6.451117e-02 1.715481e-01 1.495415e-01 1.960417e-01 6.740151e-01
 [46] 1.845660e-01 3.657143e-01 5.627010e-01 5.815264e-01 1.556600e+00 1.952846e-01 7.119273e-02 5.575767e-02 1.330817e-02
 [55] 5.068055e-04 1.841293e-03 1.774323e+00 1.790569e-01 6.781762e-02 1.660886e-01 4.485978e-01 2.215042e+00 1.348645e+00
 [64] 1.411675e+00 3.095463e-02 1.440000e-02 5.965814e-01 5.002480e-01 3.770347e+00 2.330033e-01 5.582430e+00 3.811047e-02
 [73] 6.041419e-01 8.884367e+00 3.149045e+00 4.000107e-01 3.830054e+00 1.603076e-01 2.028009e+00 3.068231e-01 5.760436e-01
 [82] 1.120251e+00 1.411542e+01 1.079014e+01 3.377038e+00 2.066918e+01 5.668728e+00 5.874573e+00 1.017628e+01 1.185678e-03
 [91] 1.612411e-02 5.579321e-01 4.783854e-02 3.523029e-01 8.345002e-02 1.160858e+00 6.422989e-02 5.318343e-02 6.797762e-01
[100] 1.187954e+00 4.110011e+00 3.951945e-01 3.953810e-03 9.454842e-01 4.662871e+00 4.822057e+00 1.257332e+00 7.243106e+00
[109] 4.156311e+00 6.344741e-01 3.491927e+00 1.588745e-01 2.025708e+00 6.285180e+00 7.513423e+00 1.358702e+00 6.014040e+00
[118] 3.954410e+00 4.993665e+00 5.400356e+00 4.550729e+00 7.608374e-01 3.335919e+00 5.870689e+00 3.300333e+00 7.255333e+00
[127] 4.294797e+00 7.712784e-01 3.667927e+00 2.318415e+00 3.812049e+00 4.487920e+00 1.082517e+00 7.931085e-01 1.348527e-01
[136] 4.928783e-02 6.983048e-01 3.877993e-03 7.615785e-01 2.613436e-01 1.310970e-01 5.108160e-01 1.215036e+00 3.775091e+00
[145] 2.872500e+00 5.983011e+00 3.527497e+00 3.762957e+00 1.279238e+00 4.424047e+00 2.265219e+00 3.238399e+00 1.821630e+00
[154] 1.055175e+00 5.940049e-01 1.098834e+00 3.400363e-01 7.457645e-01 1.735061e+00 8.831139e-01 4.855581e-01 8.279947e-01
[163] 2.979176e-01 6.192208e-02 1.023194e+00

$rmse
[1] 4.263106

$mse
[1] 18.17407

$pred.error
  [1] 2.757011e+00 9.938652e+00 5.688954e+00 4.506139e-02 2.758029e+00 3.798372e+00 2.478889e+00 4.293395e+00 1.207065e+01
 [10] 1.977415e+00 2.580251e-01 6.415803e-02 8.826790e+00 1.104679e+01 2.332176e+00 1.264480e-01 5.237541e-01 3.024285e+01
 [19] 3.036655e+01 4.684349e+01 1.787883e+02 2.448498e+01 1.065305e+01 2.103873e+00 1.447299e+00 4.226273e-01 4.696230e+00
 [28] 1.785230e+00 1.561405e+00 1.087138e-01 1.456003e-03 7.371756e-01 9.396639e-02 7.119156e+00 2.262416e+01 4.634448e+00
 [37] 2.315755e+00 1.240725e+00 1.412310e-02 4.208496e-02 1.091168e-02 5.712613e-02 7.224208e-02 7.438026e-01 4.580861e+00
 [46] 3.851555e-01 5.494999e+00 3.436896e+00 4.493446e+00 9.826580e+00 4.055072e-01 1.749164e-01 2.752473e-01 2.927636e-02
 [55] 3.184672e-01 5.603224e-02 9.884010e+00 1.802115e-01 2.282426e+00 4.967182e+00 7.576628e+00 2.165383e+01 1.551834e+01
 [64] 7.765178e+00 1.500031e-01 1.482832e-01 1.305975e+00 2.911335e+00 2.076247e+01 1.191153e-03 2.529291e+01 3.045972e-01
 [73] 4.713151e+00 4.737823e+01 1.443459e+01 1.916923e+00 1.421289e+01 3.286914e-04 1.051413e+01 3.528487e+00 8.067527e+00
 [82] 1.548096e+01 7.885777e+01 9.098572e+01 5.580614e+01 1.628178e+02 6.277135e+01 5.752130e+01 9.142557e+01 7.091686e+00
 [91] 5.121760e+00 1.001436e+01 9.762125e-02 2.975974e-01 6.557543e-01 4.940572e-01 3.053212e+00 2.340365e+00 2.993406e+00
[100] 3.414842e+00 8.414584e+00 1.949292e+00 2.896766e+00 8.137342e-01 1.693056e+01 1.366739e+01 7.942026e+00 3.272446e+01
[109] 1.812760e+01 7.228783e-01 3.703220e+00 4.819198e+00 2.195308e+01 4.957443e+01 5.602835e+01 1.343734e+01 4.340132e+01
[118] 4.285000e+01 5.478578e+01 5.120364e+01 5.545092e+01 4.669918e+01 4.204669e+01 5.993705e+01 3.327032e+01 5.309583e+01
[127] 4.064131e+01 2.098906e+01 4.018354e+01 3.234945e+01 3.966211e+01 4.304541e+01 7.803514e+00 3.926269e+00 1.546743e+00
[136] 2.553896e+00 1.000279e+01 3.037670e+00 5.077052e+00 2.903367e-02 6.949254e-01 6.290025e+00 1.388548e+01 2.503709e+01
[145] 2.165322e+01 4.541703e+01 4.652777e+01 3.966349e+01 2.790358e+01 5.690332e+01 3.212335e+01 3.972615e+01 3.610334e+01
[154] 2.511279e+01 3.259146e+01 3.052194e+01 1.388723e+01 2.573479e+01 3.422085e+01

$rmse
[1] 5.197828

$mse
[1] 27.01741

$pred.error
  [1] 2.911303e+00 7.790335e+00 5.592400e+00 2.283968e-01 2.181790e+00 3.113682e+00 2.181567e+00 4.689820e+00 1.031200e+01
 [10] 2.387373e+00 3.046913e-01 3.384745e-04 7.599720e+00 1.806836e+01 8.852154e+00 2.452938e+00 2.514685e+00 3.096716e+01
 [19] 3.326537e+01 6.932476e+01 3.418445e+02 2.668225e+01 9.447964e+00 1.610430e+00 6.974545e-01 1.759373e-01 3.817265e+00
 [28] 4.327908e-01 1.772674e+00 3.508441e-02 4.079287e-01 1.835021e-01 9.471721e-01 1.437759e+00 9.370329e+00 3.007924e+00
 [37] 2.293220e+00 1.759456e-01 4.270288e-03 2.112771e-02 1.292809e-06 1.961344e-01 1.319047e+00 2.704673e-02 5.537427e+00
 [46] 5.890519e-02 5.902443e+00 3.102825e+00 3.689344e+00 7.952299e+00 9.739529e-01 5.833040e-01 1.771019e+00 2.690917e+00
 [55] 3.983385e+00 1.123505e+00 1.405039e+01 1.315782e+00 2.675417e+00 3.314643e+00 4.506514e+00 1.218856e+01 8.194140e+00
 [64] 3.619845e+00 1.714754e-02 4.538958e-01 1.703477e-01 2.615315e+00 1.298399e+01 1.307428e-04 1.343702e+01 1.502986e-01
 [73] 2.210773e+00 2.651382e+01 1.023594e+01 2.725930e+00 1.269119e+01 1.047949e+00 1.131937e+01 7.780047e+00 1.501878e+01
 [82] 3.713520e+01 9.423767e+01 1.404118e+02 1.229630e+02 2.383654e+02 1.018587e+02 9.198604e+01 1.406493e+02 2.871012e+01
 [91] 3.127729e+01 3.885503e+01 1.023662e+01 1.657369e+00 5.000478e+00 1.052317e-01 1.748807e+00 1.777564e+00 3.729395e+00
[100] 5.373516e+00 1.195288e+01 1.117483e-02 1.259052e+00 7.239634e-01 1.489812e+01 8.506564e+00 4.847898e+00 2.262301e+01
[109] 1.025094e+01 5.927246e-01 7.107768e-01 1.572503e+01 2.624748e+01 4.312867e+01 6.372805e+01 1.896560e+01 5.025151e+01
[118] 4.408451e+01 5.109648e+01 5.526469e+01 6.450811e+01 7.232940e+01 6.193115e+01 9.041229e+01 4.415422e+01 7.108265e+01
[127] 4.828816e+01 3.008652e+01 4.657652e+01 3.872774e+01 5.180557e+01 6.482413e+01 1.386105e+01 4.034704e+00 1.907317e+00
[136] 3.629132e+00 8.357740e+00 2.471028e+00 4.978534e+00 5.309059e-01 1.431275e+00 1.438509e+01 2.332632e+01 4.290082e+01
[145] 4.936669e+01 9.663473e+01 1.064355e+02 9.930861e+01 8.933200e+01 1.554392e+02 1.014520e+02 1.305469e+02 1.304071e+02

