$rmse
[1] 0.2537664

$mse
[1] 0.06439736

$pred.error
  [1] 3.030903e-03 1.719752e-01 1.758550e-02 1.856235e-01 4.282835e-02 8.906415e-03 5.404023e-03 3.447418e-02 7.269933e-02
 [10] 1.512123e-01 1.479440e-01 1.169961e-01 2.913168e-02 6.557224e-03 2.929727e-02 6.534637e-03 1.274095e-01 4.363902e-02
 [19] 1.834557e-01 3.101016e-02 6.912508e-02 1.581174e-01 1.491441e-03 3.627555e-02 4.363642e-01 4.111782e-02 1.490709e-05
 [28] 2.870573e-02 1.598446e-02 5.467583e-02 1.015846e-01 1.031859e-01 6.294291e-02 6.659469e-02 3.554682e-02 2.414050e-02
 [37] 1.491117e-02 1.802301e-02 3.417405e-03 5.409088e-03 6.168076e-02 1.054599e-01 5.626189e-02 3.512328e-02 2.346127e-04
 [46] 3.738256e-03 7.755824e-02 2.086277e-02 1.115222e-02 1.985916e-02 1.290296e-01 3.128728e-02 5.117219e-02 3.492837e-02
 [55] 3.230402e-03 2.816667e-02 1.019050e-01 6.488566e-03 1.880015e-03 2.831826e-03 5.855063e-03 1.177792e-02 9.564477e-04
 [64] 2.853423e-01 3.695404e-01 5.028984e-03 1.104598e-02 6.041925e-03 5.944268e-03 2.284300e-01 2.886106e-02 6.221349e-05
 [73] 6.616897e-02 6.381741e-03 4.351259e-03 1.474050e-02 1.380247e-02 2.003900e-02 2.773628e-02 4.372411e-02 7.326316e-02
 [82] 1.517056e-03 1.522945e-02 2.571486e-02 1.451129e-03 3.246449e-02 3.715326e-04 2.861279e-02 1.260858e-02 5.262473e-03
 [91] 1.104508e-01 2.417819e-01 2.705309e-01 6.684244e-02 9.545674e-02 3.888390e-04 3.193845e-02 9.107246e-04 2.033765e-01
[100] 8.014942e-02 5.513198e-01 3.149171e-01 3.521376e-02 3.909977e-03 2.236285e-03 4.682833e-02 1.839636e-01 1.895264e-01
[109] 2.276882e-02 1.305749e-01 2.871750e-01 1.116314e-01 3.220608e-01 1.090983e-02 1.247975e-02 2.996852e-01 2.586630e-03
[118] 1.205203e-01 2.178849e-02 2.121977e-02 1.718831e-01 2.035852e-02 1.465723e-01 4.735505e-04 3.192008e-01 2.511613e-02
[127] 2.956652e-04 7.122086e-02 2.977360e-02 7.743959e-02 4.637723e-02 2.510956e-01 6.616762e-03 2.271244e-04 1.186217e-02
[136] 1.158318e-01 4.981521e-04 1.541296e-02 8.651185e-02 7.110263e-03 1.363941e-03 5.384923e-02 8.273640e-03 4.226605e-02
[145] 2.255309e-02 4.752315e-05 1.093938e-01 4.130382e-02 7.740433e-02 4.702059e-02 7.845772e-04 3.009508e-03 1.568862e-02
[154] 9.160794e-03 2.062282e-02 4.435793e-03 1.082434e-02 5.670301e-03 2.861300e-02 3.866885e-02 1.727771e-02 7.794916e-04
[163] 1.707586e-02 2.072388e-02 3.211079e-03

$rmse
[1] 0.8250929

$mse
[1] 0.6807782

$pred.error
  [1] 1.152777e+00 1.054158e+00 7.989269e-01 1.013982e+00 7.200970e-02 1.065409e-01 5.037516e-01 5.340454e-01 8.264783e-01
 [10] 7.999479e-01 3.939245e-01 5.527828e-01 4.542592e-01 8.541364e-01 1.049977e+00 6.495666e-01 9.265614e-02 3.638520e-03
 [19] 6.728946e-02 1.450506e+00 2.199141e+00 1.367281e+00 1.042770e+00 1.091655e+00 1.234990e+00 1.010505e+00 1.185351e+00
 [28] 1.651291e+00 6.615357e-01 2.314967e-01 3.367117e-02 1.403727e-02 5.696415e-02 1.641399e-01 8.396284e-02 7.417535e-03
 [37] 2.442354e-01 5.649274e-01 1.909540e-01 2.236256e-01 1.710347e-01 3.317065e-03 5.820470e-03 1.479713e-02 2.181693e-02
 [46] 2.435101e-01 9.726287e-02 4.791031e-01 5.707336e-01 3.289331e-01 3.826021e-01 4.624049e-01 4.397481e-01 2.418794e-01
 [55] 1.760040e-01 2.591966e-01 2.608537e-01 1.027882e-01 8.100709e-01 1.940639e+00 1.839957e+00 1.277212e+00 1.124811e+00
 [64] 1.197365e+00 4.869489e-02 3.673675e-02 1.928283e-02 1.102042e-01 2.490499e-01 3.816263e-01 1.108702e-01 9.900060e-02
 [73] 1.796047e-01 1.688069e-01 2.707591e-01 5.567959e-01 3.109536e-01 2.621399e-01 2.680028e-01 1.416381e-01 6.666446e-05
 [82] 2.313401e-02 7.642456e-02 5.892571e-02 1.258324e-01 3.894074e-01 9.363888e-01 2.241407e+00 2.489308e+00 3.128752e+00
 [91] 2.792133e+00 2.430646e+00 1.405922e+00 1.311509e+00 1.400091e+00 2.536130e+00 4.361179e+00 2.703044e+00 2.244993e+00
[100] 1.462935e+00 1.362035e+00 1.898438e-02 2.886090e-02 1.730691e-01 6.001959e-01 1.513994e+00 1.745961e+00 4.055117e+00
[109] 3.028948e+00 2.032996e+00 2.786451e+00 1.808729e+00 1.880566e+00 9.948424e-01 1.094366e+00 2.171735e+00 1.373203e+00
[118] 5.054937e-01 1.829679e-01 7.452943e-01 3.056784e-01 3.264992e-02 1.086898e-01 6.734033e-01 1.081272e+00 6.207800e-01
[127] 1.398098e-01 6.228647e-02 5.482460e-03 2.071758e-03 3.190761e-02 7.557999e-04 2.121505e-01 3.848800e-02 6.878207e-02
[136] 2.109851e-02 1.030964e-01 1.534273e-01 5.374461e-02 2.983371e-02 8.349408e-03 5.359202e-02 3.107386e-02 2.574446e-03
[145] 1.904475e-01 3.109694e-01 2.459364e-01 1.015854e-01 3.308526e-01 2.476219e-01 1.177719e-01 2.328522e-01 3.609404e-01
[154] 7.677082e-02 1.996348e-04 5.396994e-02 1.148941e-01 2.708548e-01 1.677004e-01

$rmse
[1] 1.264988

$mse
[1] 1.600194

$pred.error
  [1] 1.380754e-02 1.955771e-03 3.086109e-02 4.751807e-03 1.223695e-01 7.477117e-01 1.153742e+00 1.811675e+00 2.465901e+00
 [10] 2.006494e+00 5.326248e-01 3.376455e-01 4.552120e-02 2.962522e-01 4.301960e-01 2.982582e-01 4.992368e-01 7.827790e-01
 [19] 1.330226e+00 2.676701e+00 4.068701e+00 4.035483e+00 2.252306e+00 1.438809e+00 8.804659e-01 3.835560e-01 3.630732e-01
 [28] 2.728324e-01 1.144844e-01 2.685904e-01 5.938364e-01 7.384058e-01 1.405690e-01 8.838797e-02 9.572554e-02 5.078983e-03
 [37] 6.931762e-02 1.488575e-01 2.263327e-01 7.318739e-01 4.052790e-01 5.098432e-01 6.086725e-01 3.273076e-01 6.117158e-01
 [46] 1.106497e+00 8.494692e-01 1.044788e+00 9.622521e-01 9.253951e-01 9.466950e-01 7.079086e-01 1.989639e+00 3.304358e+00
 [55] 3.161330e+00 2.569714e+00 2.471185e+00 2.118085e+00 9.409063e-01 1.082578e+00 8.762347e-01 3.761324e-01 1.939397e-01
 [64] 1.348652e-01 3.134696e-04 2.029515e-01 2.084594e-01 3.311181e-01 7.874336e-01 1.418128e+00 6.111511e-01 4.960027e-01
 [73] 6.588430e-01 4.808058e-01 1.458026e-01 1.460960e-01 1.302881e-02 1.270330e-02 1.639604e-03 2.034323e-01 9.864616e-01
 [82] 2.394689e+00 2.896844e+00 3.327799e+00 3.065654e+00 3.309164e+00 3.107494e+00 5.149540e+00 5.775035e+00 9.244938e+00
 [91] 1.228705e+01 9.083729e+00 6.605048e+00 4.475607e+00 4.485003e+00 1.860744e+00 3.206105e+00 3.041603e+00 4.146029e+00
[100] 5.284081e+00 5.421338e+00 5.464678e+00 3.940406e+00 3.218666e+00 4.967996e+00 4.599358e+00 5.177710e+00 5.794179e+00
[109] 5.191646e+00 6.345806e+00 5.802355e+00 3.199291e+00 2.345575e+00 2.741285e+00 2.004395e+00 1.916576e+00 1.746729e+00
[118] 1.988050e+00 2.000885e+00 2.211547e+00 7.015658e-01 1.659869e-01 1.090390e-01 5.279012e-01 1.021316e+00 4.028362e-01
[127] 6.726582e-01 2.004037e-01 1.467624e-01 4.895976e-02 2.568244e-02 1.388721e-01 1.471647e-02 1.025518e-01 1.081372e-01
[136] 1.209876e-03 3.033371e-04 7.055798e-02 2.497354e-01 7.094350e-02 8.236363e-02 1.881906e-01 1.353443e-01 2.291836e-01
[145] 4.830402e-01 9.176434e-01 1.068189e+00 3.421579e-01 2.700897e-01 5.157191e-02 9.240488e-07 6.099670e-03 1.653581e-02

$rmse
[1] 0.2535021

$mse
[1] 0.06426329

$pred.error
  [1] 2.489149e-01 3.020979e-02 2.449430e-03 1.042413e-01 2.955161e-03 3.467476e-04 1.922248e-02 7.287427e-03 3.597490e-02
 [10] 1.890125e-01 1.512389e-01 1.001691e-01 1.652100e-02 1.729242e-03 3.431219e-02 3.059413e-03 1.108900e-01 4.377748e-02
 [19] 1.865298e-01 5.761689e-02 3.249839e-03 1.443751e-01 2.652129e-03 4.068287e-02 4.533224e-01 3.818396e-02 4.216018e-07
 [28] 2.892767e-02 1.881899e-02 6.087236e-02 9.983885e-02 8.810747e-02 6.027020e-02 8.819968e-02 3.770051e-02 1.876043e-02
 [37] 9.146471e-03 2.611628e-02 1.157724e-03 2.613126e-03 7.278823e-02 1.191229e-01 6.073031e-02 3.271900e-02 9.682131e-04
 [46] 2.070103e-03 6.796953e-02 2.522350e-02 1.418472e-02 2.338044e-02 1.372399e-01 2.996617e-02 5.488561e-02 3.723108e-02
 [55] 3.377353e-03 2.655229e-02 9.650095e-02 9.291316e-03 1.069053e-03 2.541841e-03 5.721521e-03 1.054658e-02 4.919085e-04
 [64] 2.779417e-01 3.423318e-01 3.114607e-03 1.815079e-02 3.813003e-03 5.320455e-03 2.321613e-01 3.400412e-02 5.084696e-05
 [73] 5.942265e-02 3.632055e-03 2.339239e-03 1.055196e-02 1.781188e-02 1.593368e-02 2.358727e-02 3.959846e-02 6.806147e-02
 [82] 1.981256e-03 1.611001e-02 2.829323e-02 2.807193e-03 2.288185e-02 5.861726e-04 2.528090e-02 9.979668e-03 3.334821e-03
 [91] 1.006859e-01 2.346125e-01 2.781367e-01 7.707849e-02 1.098948e-01 3.463139e-05 4.084057e-02 2.601645e-03 2.217429e-01
[100] 8.612145e-02 5.663474e-01 3.007818e-01 5.137399e-02 5.354525e-03 1.008739e-03 4.402858e-02 1.914641e-01 1.715220e-01
[109] 1.765383e-02 1.184986e-01 2.405499e-01 2.632136e-02 1.730317e-01 5.544570e-03 1.074820e-01 1.772131e-01 3.220601e-02
[118] 1.821359e-02 8.626734e-03 1.106605e-02 2.403857e-02 1.044681e-02 3.836571e-01 5.174360e-02 1.439085e-01 1.885458e-01
[127] 3.290866e-02 2.140533e-02 6.603987e-04 1.001148e-02 1.391800e-04 5.344853e-01 2.232710e-02 3.716520e-04 7.466986e-03
[136] 8.998164e-02 1.814294e-02 2.861744e-03 1.672529e-01 6.825611e-04 6.387840e-03 6.135798e-02 7.263691e-03 5.420046e-02
[145] 2.079593e-02 4.471632e-04 1.294462e-01 3.557069e-02 1.106851e-01 5.639758e-02 3.368014e-05 2.657044e-04 3.207992e-02
[154] 3.094243e-02 4.646238e-02 1.633262e-02 3.562416e-02 2.047593e-02 1.015801e-02 8.144115e-03 1.196641e-04 7.520636e-03
[163] 1.056724e-05 8.082152e-02 2.771349e-02

$rmse
[1] 0.7997477

$mse
[1] 0.6395965

$pred.error
  [1] 6.114587e-01 3.696638e-06 1.150873e-02 2.498215e-01 1.426980e-01 4.697778e-01 1.031451e+00 1.398380e+00 1.665134e+00
 [10] 1.295061e+00 4.941122e-01 4.610387e-01 2.412912e-01 5.481441e-01 8.456533e-01 4.570828e-01 3.311026e-02 4.914731e-05
 [19] 8.796940e-02 1.046609e+00 4.425044e-01 1.284435e+00 1.165781e+00 1.209737e+00 1.352144e+00 9.268863e-01 1.196277e+00
 [28] 1.643237e+00 7.289671e-01 2.816769e-01 2.831035e-02 4.771273e-02 6.588967e-02 3.015914e-01 9.342280e-02 2.710543e-02
 [37] 3.689234e-01 7.640501e-01 2.951927e-01 3.255389e-01 2.622360e-01 1.211463e-03 1.354107e-03 9.005875e-03 4.629575e-02
 [46] 3.144772e-01 1.520529e-01 5.845897e-01 6.710426e-01 3.990755e-01 4.504438e-01 4.750690e-01 4.851968e-01 2.651647e-01
 [55] 1.620210e-01 2.220438e-01 2.072915e-01 5.646847e-02 6.991124e-01 1.862220e+00 1.789147e+00 1.175890e+00 9.965492e-01
 [64] 1.087078e+00 1.154157e-02 7.358721e-02 6.672826e-02 1.627317e-01 2.751496e-01 4.129221e-01 7.647670e-02 6.236098e-02
 [73] 1.338946e-01 1.050450e-01 1.964578e-01 4.342003e-01 2.362329e-01 1.956505e-01 2.127121e-01 1.127794e-01 1.070367e-03
 [82] 3.076561e-02 8.190961e-02 3.554507e-02 7.805251e-02 2.423644e-01 8.586049e-01 2.023676e+00 2.213496e+00 2.773959e+00
 [91] 2.434208e+00 2.191481e+00 1.371906e+00 1.448230e+00 1.586611e+00 2.883187e+00 4.833398e+00 3.075745e+00 2.569303e+00
[100] 1.602687e+00 1.497274e+00 9.241605e-03 1.085636e-05 1.566288e-01 5.532689e-01 1.544097e+00 1.725841e+00 4.051501e+00
[109] 2.870783e+00 1.896049e+00 2.158172e+00 3.058847e-01 4.740266e-01 3.936532e-02 2.734970e-03 7.881016e-01 1.585579e-02
[118] 6.799655e-02 4.354043e-01 8.279924e-02 4.125899e-01 8.507886e-01 5.692565e-01 1.363677e-01 2.126583e-02 2.450547e-01
[127] 3.227855e-01 1.137999e-01 7.410997e-01 6.316229e-01 7.556784e-01 1.164587e+00 1.073216e-02 9.330138e-05 1.468271e-02
[136] 4.382267e-03 6.795451e-01 5.026573e-01 5.254693e-01 6.501434e-03 8.470888e-03 8.862818e-02 3.896793e-02 3.230134e-03
[145] 2.143340e-01 3.862088e-01 3.877045e-01 1.506360e-01 6.463314e-01 3.555160e-01 2.403037e-01 4.248277e-01 6.967747e-01
[154] 3.759036e-01 1.033542e-01 7.570299e-04 1.038436e-04 5.600380e-02 1.433771e-02

$rmse
[1] 1.303503

$mse
[1] 1.699121

$pred.error
  [1] 6.481672e+00 2.068024e+00 1.776350e+00 7.523627e-01 1.667540e+00 2.081322e+00 2.445301e+00 4.152927e+00 4.760451e+00
 [10] 3.391108e+00 8.487818e-01 3.170891e-01 7.014839e-04 6.457968e-01 7.169545e-01 5.478618e-01 7.939858e-01 1.047313e+00
 [19] 1.610736e+00 2.311499e+00 1.052380e+00 4.042003e+00 2.498832e+00 1.637010e+00 1.001187e+00 2.930249e-01 3.513573e-01
 [28] 2.568173e-01 1.457999e-01 3.289651e-01 5.482763e-01 5.239370e-01 1.249548e-01 1.678835e-02 8.822904e-02 3.106116e-02
 [37] 1.726059e-01 3.107286e-01 3.854357e-01 9.772585e-01 6.046763e-01 7.133990e-01 6.930628e-01 3.659058e-01 7.607537e-01
 [46] 1.305609e+00 1.058051e+00 1.283600e+00 1.151871e+00 1.098654e+00 1.099058e+00 7.082223e-01 2.107956e+00 3.393584e+00
 [55] 3.009578e+00 2.312586e+00 2.143117e+00 1.730395e+00 7.239694e-01 9.454312e-01 7.786537e-01 2.634280e-01 9.613322e-02
 [64] 6.629515e-02 4.057205e-02 3.460371e-01 3.738656e-01 4.641990e-01 8.791066e-01 1.540316e+00 5.125672e-01 3.782825e-01
 [73] 5.368715e-01 3.281952e-01 7.576318e-02 6.473519e-02 1.893180e-04 1.933951e-04 1.361925e-02 2.493081e-01 1.089947e+00
 [82] 2.472469e+00 2.893542e+00 2.914634e+00 2.616349e+00 2.600625e+00 2.778290e+00 4.460671e+00 4.907801e+00 8.022207e+00
 [91] 1.073264e+01 7.989325e+00 6.117846e+00 4.655963e+00 4.791636e+00 2.255574e+00 3.831899e+00 3.712217e+00 4.883726e+00
[100] 5.750218e+00 5.905485e+00 5.319310e+00 3.108877e+00 3.283245e+00 5.061516e+00 4.976219e+00 5.367645e+00 6.539121e+00
[109] 5.148429e+00 6.222938e+00 4.528596e+00 3.563297e-01 2.783478e-01 2.396392e-01 6.577757e-03 2.476659e-01 5.928712e-02
[118] 3.090479e-03 4.286973e-02 6.517689e-02 9.573116e-01 1.511903e+00 1.713201e+00 1.311473e+00 1.626431e-01 1.792928e+00
[127] 4.265783e-01 2.393186e-01 1.151074e+00 1.181144e+00 3.103529e+00 3.867235e+00 2.349990e-01 3.796843e-03 3.621021e-03
[136] 1.541842e-01 5.294355e-01 5.425545e-01 1.436735e+00 3.978490e-01 2.976549e-01 2.781089e-01 1.191746e-01 1.183332e-01
[145] 5.420580e-01 1.113061e+00 1.485884e+00 4.850816e-01 7.016573e-01 1.491312e-01 4.611917e-02 2.904862e-02 2.185361e-01

$rmse
[1] 0.2679634

$mse
[1] 0.07180439

$pred.error
  [1] 1.137550e-02 2.871912e-01 5.622765e-02 2.774640e-01 9.195004e-02 3.342952e-02 7.097066e-05 7.537492e-02 1.300885e-01
 [10] 9.041053e-02 9.929199e-02 7.690546e-02 1.672224e-02 3.026066e-03 4.100528e-02 3.295777e-03 1.171527e-01 3.859802e-02
 [19] 1.797453e-01 4.192766e-02 4.884004e-02 1.223088e-01 3.458666e-06 2.260289e-02 3.862407e-01 2.457895e-02 2.213456e-03
 [28] 1.907747e-02 7.617538e-03 3.533076e-02 7.308825e-02 7.234926e-02 4.032171e-02 8.689963e-02 4.381242e-02 3.126093e-02
 [37] 1.858635e-02 1.492297e-02 5.760053e-03 9.098579e-03 5.405814e-02 9.595091e-02 4.605759e-02 4.874461e-02 4.054612e-05
 [46] 6.443150e-03 9.032863e-02 1.566339e-02 6.729738e-03 1.425412e-02 1.136991e-01 4.566412e-02 3.896416e-02 2.468012e-02
 [55] 9.616956e-03 1.356530e-02 7.123843e-02 1.668961e-02 5.909965e-05 5.918081e-05 1.142589e-03 3.598724e-03 4.268772e-04
 [64] 2.376932e-01 3.158177e-01 2.729986e-04 1.752056e-02 1.801687e-03 1.657552e-03 2.634653e-01 2.186356e-02 3.136376e-04
 [73] 7.165939e-02 7.763950e-03 5.732098e-03 1.536041e-02 1.135784e-02 2.262663e-02 3.281598e-02 5.369884e-02 8.592804e-02
 [82] 8.163745e-05 8.068570e-03 4.371287e-02 6.114158e-03 2.097562e-02 3.924320e-03 1.497510e-02 4.013111e-03 1.015672e-03
 [91] 8.588992e-02 2.060119e-01 2.392827e-01 6.165137e-02 8.962823e-02 3.645451e-04 3.914885e-02 3.333854e-03 2.261835e-01
[100] 9.782628e-02 5.949264e-01 3.832048e-01 1.364829e-02 8.209838e-05 1.568102e-02 8.244159e-02 1.287434e-01 2.524818e-01
[109] 4.971694e-02 1.852959e-01 3.781455e-01 1.894926e-01 4.319557e-01 3.820910e-02 3.139164e-05 4.163737e-01 2.726855e-02
[118] 2.135380e-01 6.864610e-02 7.264449e-02 2.932784e-01 6.654278e-02 6.836917e-02 2.654000e-02 4.804566e-01 3.172354e-04
[127] 2.154203e-02 1.429517e-01 9.119425e-02 1.617394e-01 1.201758e-01 1.382050e-01 3.905746e-04 1.111850e-02 3.448892e-02
[136] 1.720929e-01 3.595668e-03 3.600604e-02 5.015656e-02 1.834873e-02 8.038037e-06 4.335946e-02 5.773331e-03 4.520805e-02
[145] 2.469957e-02 2.432964e-05 1.101155e-01 3.947931e-02 7.725264e-02 5.020806e-02 6.319479e-04 2.532981e-03 1.692999e-02
[154] 9.187777e-03 2.198920e-02 4.927275e-03 1.019607e-02 6.089629e-03 2.666532e-02 3.949220e-02 1.829860e-02 9.326225e-04
[163] 1.871197e-02 1.868368e-02 2.894908e-03

$rmse
[1] 0.898805

$mse
[1] 0.8078505

$pred.error
  [1] 2.782631e+00 2.166724e+00 1.626923e+00 1.875149e+00 3.887398e-01 2.708129e-04 1.523143e-01 1.532091e-01 3.066404e-01
 [10] 2.927646e-01 1.176621e-01 2.107146e-01 2.336266e-01 6.412846e-01 7.724474e-01 4.858339e-01 5.436464e-02 1.611047e-05
 [19] 8.353101e-02 1.204540e+00 1.721254e+00 9.700040e-01 7.377935e-01 7.854366e-01 9.057161e-01 6.389126e-01 8.136679e-01
 [28] 1.324681e+00 4.228825e-01 8.509498e-02 5.712604e-04 1.226739e-01 2.065312e-01 3.192632e-01 1.402454e-01 2.092479e-05
 [37] 1.985126e-01 5.098986e-01 1.414628e-01 1.548711e-01 1.296274e-01 1.155059e-02 2.632034e-02 6.398936e-02 4.731035e-03
 [46] 1.804703e-01 5.454753e-02 3.929351e-01 4.518186e-01 2.492307e-01 2.938675e-01 2.929475e-01 3.141211e-01 1.506265e-01
 [55] 7.101095e-02 1.011203e-01 9.690941e-02 1.801482e-02 4.992339e-01 1.511980e+00 1.460545e+00 9.154096e-01 7.658951e-01
 [64] 8.583425e-01 1.655862e-03 1.637043e-01 5.735144e-02 2.149704e-01 3.973714e-01 5.563570e-01 1.571804e-01 1.086924e-01
 [73] 1.965300e-01 1.742412e-01 2.893860e-01 5.361145e-01 3.390862e-01 2.777878e-01 3.147490e-01 2.088950e-01 7.901105e-03
 [82] 1.571158e-03 2.114865e-02 1.513731e-03 3.493438e-02 2.255430e-01 6.071066e-01 1.646204e+00 1.810364e+00 2.466910e+00
 [91] 2.167419e+00 1.853674e+00 1.034925e+00 1.180470e+00 1.264329e+00 2.518582e+00 4.720502e+00 3.132427e+00 2.595554e+00
[100] 1.775223e+00 1.655902e+00 1.444609e-01 2.139054e-01 5.423082e-01 1.287360e+00 2.428731e+00 2.699913e+00 5.473214e+00
[109] 4.315527e+00 3.050627e+00 4.088742e+00 3.089856e+00 3.013633e+00 1.866336e+00 2.194571e+00 3.563670e+00 2.673231e+00
[118] 1.396760e+00 7.954209e-01 1.876748e+00 1.152997e+00 4.292323e-01 6.960968e-01 1.997624e+00 2.511010e+00 1.880436e+00
[127] 8.454056e-01 5.320116e-01 3.819362e-01 3.241602e-01 5.277239e-01 2.634864e-01 8.209928e-01 3.635688e-01 3.729713e-01
[136] 2.286752e-01 7.670264e-04 1.076497e-02 4.174390e-03 1.591847e-01 7.576041e-02 1.137455e-02 7.081119e-02 1.044169e-04
[145] 1.443699e-01 2.722394e-01 2.262799e-01 9.865556e-02 3.100043e-01 2.559627e-01 1.142217e-01 2.354198e-01 3.684417e-01
[154] 7.277818e-02 6.173517e-04 5.099817e-02 1.253030e-01 2.641703e-01 1.520706e-01

$rmse
[1] 1.341472

$mse
[1] 1.799548

$pred.error
  [1] 6.718603e-01 3.285752e-01 7.371983e-02 1.370046e-01 4.976844e-03 1.917238e-01 4.539741e-01 8.647523e-01 1.266792e+00
 [10] 9.290056e-01 1.293440e-01 3.504371e-02 3.626237e-03 5.255301e-01 7.529570e-01 4.936443e-01 6.587793e-01 9.709578e-01
 [19] 1.456878e+00 2.284977e+00 3.226268e+00 3.175883e+00 1.664870e+00 9.931618e-01 5.285597e-01 1.035186e-01 1.165426e-01
 [28] 1.131571e-01 1.403112e-02 7.030892e-02 2.341487e-01 2.796849e-01 5.940022e-03 5.579722e-03 3.933679e-02 8.052218e-04
 [37] 4.437206e-02 1.230447e-01 1.668585e-01 5.830489e-01 3.366435e-01 4.388845e-01 4.562745e-01 1.656254e-01 4.773237e-01
 [46] 9.484203e-01 6.955102e-01 9.092936e-01 7.891568e-01 7.780474e-01 7.923269e-01 4.561297e-01 1.678880e+00 2.909926e+00
 [55] 2.556095e+00 1.899715e+00 1.771162e+00 1.511889e+00 5.450238e-01 7.366428e-01 6.083122e-01 1.782728e-01 5.525031e-02
 [64] 3.291017e-02 5.617671e-02 4.986093e-01 3.176185e-01 5.207458e-01 1.052818e+00 1.759948e+00 6.788197e-01 4.689459e-01
 [73] 6.412314e-01 4.385831e-01 1.384491e-01 1.082570e-01 1.377530e-02 1.022988e-02 6.932526e-05 1.320999e-01 8.174280e-01
 [82] 2.002797e+00 2.373363e+00 2.408356e+00 2.333988e+00 2.624004e+00 2.251083e+00 3.815338e+00 4.189484e+00 7.450016e+00
 [91] 1.012184e+01 7.196554e+00 5.199610e+00 4.059986e+00 4.048785e+00 1.813693e+00 3.654010e+00 3.722067e+00 4.853090e+00
[100] 6.073605e+00 6.204496e+00 7.112228e+00 5.647534e+00 5.104647e+00 7.656821e+00 6.948876e+00 7.580101e+00 8.493388e+00
[109] 7.771110e+00 9.003367e+00 8.534973e+00 5.458414e+00 4.054929e+00 4.583619e+00 3.960464e+00 3.823084e+00 3.723386e+00
[118] 4.141552e+00 4.092957e+00 4.645779e+00 2.327234e+00 1.079584e+00 1.015674e+00 2.330957e+00 3.090423e+00 1.991694e+00
[127] 2.436634e+00 1.248688e+00 1.258152e+00 8.787993e-01 3.333257e-01 1.276237e-01 5.739668e-01 8.327753e-01 7.051635e-01
[136] 1.998828e-01 2.487046e-01 2.155143e-02 8.110780e-03 3.707467e-03 7.709290e-05 4.995510e-02 4.110191e-02 1.195751e-01
[145] 3.287314e-01 7.431488e-01 9.273017e-01 2.899222e-01 2.155544e-01 4.033636e-02 1.221879e-03 1.041469e-02 1.275812e-02

$rmse
[1] 0.9652989

$mse
[1] 0.9318019

$pred.error
  [1] 6.071072e-01 1.997186e-03 7.238313e-02 3.446567e-02 1.363221e-02 1.288973e-03 3.570074e-02 1.021169e-03 1.742550e-02
 [10] 1.699457e-01 9.463614e-02 9.274477e-03 3.507953e-01 5.005745e-01 1.225203e+00 3.969042e-01 9.077297e-02 5.404457e-01
 [19] 1.956030e-01 3.144174e+00 1.157259e+01 3.378082e+00 3.959901e-01 7.185692e-01 1.172105e+00 1.227147e-02 1.011671e-02
 [28] 2.375837e-02 1.607246e-01 4.398296e-01 2.175092e-01 5.514415e-02 1.451758e-01 3.521779e-01 1.818864e-02 7.634178e-02
 [37] 2.444387e-01 9.306992e-01 4.072331e-01 3.921529e-01 1.110236e+00 1.166163e+00 3.557030e-01 6.445440e-02 3.539074e-01
 [46] 2.512479e-01 2.345462e-01 1.277575e+00 9.990681e-01 1.091244e+00 1.415037e+00 1.600129e-01 9.956773e-01 1.027045e+00
 [55] 2.811348e-01 1.039432e+00 8.051407e-01 4.822304e-02 3.009709e-01 6.463658e-01 9.385036e-01 9.013864e-01 8.558934e-01
 [64] 1.741174e+00 6.824957e-01 1.921221e-01 4.387154e-02 1.123362e-01 4.019661e-01 1.120531e-02 1.211532e+00 4.451326e-01
 [73] 1.336357e-01 8.641832e-01 5.552818e-01 7.837596e-01 9.839929e-01 6.192945e-01 4.181214e-01 3.206363e-01 3.685519e-01
 [82] 1.875953e+00 1.874105e+00 2.455501e+00 4.240878e+00 6.660702e+00 2.124286e+00 9.138488e-01 4.821978e-01 1.461335e-02
 [91] 4.294207e-02 1.195422e-01 6.989404e-04 1.818836e-01 2.650530e-01 3.619718e-01 5.482239e-02 5.266375e-02 5.201162e-02
[100] 2.397296e-01 2.995026e-03 3.072155e-01 2.614183e+00 5.691379e-01 2.196203e-01 1.960065e-02 7.207102e-01 7.283030e-01
[109] 6.660400e-03 9.496555e-03 3.808899e-02 2.514009e+00 1.152845e+00 2.252433e+00 3.963138e+00 4.058710e-01 2.984804e+00
[118] 1.784975e+00 2.525661e+00 2.803099e+00 2.121364e+00 1.958468e+00 3.738707e+00 3.678691e+00 9.471007e-01 4.200579e+00
[127] 2.248591e+00 4.846686e-01 1.677444e+00 1.017895e+00 1.731862e+00 3.914844e+00 4.572153e-01 1.142837e-01 3.896795e-03
[136] 7.757455e-03 3.583980e-01 7.285909e-03 5.231075e-01 2.424098e-05 2.760152e-02 1.666130e-01 5.298801e-01 1.763117e+00
[145] 1.479651e+00 1.604282e+00 9.542522e-01 2.359576e+00 6.839838e-01 1.473529e+00 1.396094e+00 1.680694e+00 1.281140e+00
[154] 6.808275e-01 9.389426e-01 7.836928e-01 1.649439e-01 4.757052e-01 1.167695e+00 6.066464e-01 5.384472e-01 5.252947e-01
[163] 4.761562e-01 2.440945e-01 4.813141e-01

$rmse
[1] 3.225115

$mse
[1] 10.40136

$pred.error
  [1] 4.441887e-01 4.392718e-03 1.600216e-02 1.411787e-01 2.940543e-01 3.878985e-01 9.595109e-01 1.635300e+00 1.478462e+00
 [10] 7.936639e-01 1.673536e-01 2.500039e-01 2.408297e+00 2.082745e+00 3.097889e+00 1.478986e+00 2.453663e+00 7.600773e+00
 [19] 8.361965e+00 5.930640e+01 1.560724e+02 2.927742e+01 6.671054e+00 7.684921e+00 4.729672e+00 4.040984e-01 1.616467e+00
 [28] 1.368611e+00 2.181011e+00 2.443582e+00 2.421388e-01 2.009491e-01 1.813201e-03 1.901480e+00 2.745888e-02 1.494296e+00
 [37] 4.554686e+00 8.983421e+00 5.346037e+00 5.571123e+00 6.771548e+00 3.922209e+00 7.944693e-01 1.219560e+00 2.954326e+00
 [46] 4.075484e+00 5.727604e+00 1.153519e+01 1.027744e+01 9.396889e+00 8.533590e+00 5.244574e+00 7.907005e+00 7.998635e+00
 [55] 4.330091e+00 8.459999e+00 4.624184e+00 1.442773e+00 5.511487e+00 1.237357e+01 1.509729e+01 1.246568e+01 1.325698e+01
 [64] 1.132231e+01 1.113967e+00 1.228266e+00 1.404782e-02 3.982965e-01 1.651377e+00 1.600590e+00 5.472622e+00 2.662636e+00
 [73] 1.893262e+00 5.912776e+00 3.118372e+00 4.252088e+00 3.541313e+00 4.397010e+00 3.133509e+00 3.413474e+00 6.301058e+00
 [82] 1.698325e+01 1.683417e+01 3.558034e+01 5.336179e+01 7.561855e+01 3.547855e+01 1.956300e+01 1.630586e+01 6.733438e+00
 [91] 4.137894e+00 3.805379e+00 2.445409e-01 1.293566e-01 5.483800e-01 5.971002e-02 1.022112e+00 8.198910e-01 7.829899e-01
[100] 9.009183e-01 4.951787e-01 9.732241e+00 1.633881e+01 3.306831e+00 1.142451e+00 1.154071e-02 2.614944e-02 8.349608e+00
[109] 5.229493e-01 1.340535e-01 5.080938e-01 1.951890e+01 1.163700e+01 1.246400e+01 2.147371e+01 4.488346e+00 1.638556e+01
[118] 1.892515e+01 2.185639e+01 2.139534e+01 2.637081e+01 1.789672e+01 1.807761e+01 2.963620e+01 1.548967e+01 2.556694e+01
[127] 1.955093e+01 7.742846e+00 2.031385e+01 1.533520e+01 1.975224e+01 1.947927e+01 2.139748e+00 1.029204e+00 8.226500e-02
[136] 3.230094e-01 3.121001e+00 4.203914e-01 1.094996e+00 1.158964e-01 1.703739e+00 6.449145e+00 1.207545e+01 1.799027e+01
[145] 1.575640e+01 2.276370e+01 2.609302e+01 2.745824e+01 1.989350e+01 3.055791e+01 2.182309e+01 2.450331e+01 2.554235e+01
[154] 1.796384e+01 2.766704e+01 2.232595e+01 1.012587e+01 1.869004e+01 2.378988e+01

$rmse
[1] 3.927738

$mse
[1] 15.42713

$pred.error
  [1] 1.202654e+00 5.009003e-01 8.928048e-01 2.946635e-01 8.807053e-01 1.042945e+00 1.504597e+00 3.036742e+00 2.995895e+00
 [10] 1.707182e+00 2.607941e-01 3.216600e-01 3.712381e+00 8.568361e+00 1.167920e+01 5.894830e+00 5.991600e+00 1.368961e+01
 [19] 1.472283e+01 8.785378e+01 2.605435e+02 3.873685e+01 7.791693e+00 6.881507e+00 3.066670e+00 1.783301e-02 3.885702e-01
 [28] 1.025991e-01 6.492036e-01 1.815921e+00 8.332103e-01 1.897673e-01 2.742248e-01 4.214408e-01 1.493762e-01 1.049717e+00
 [37] 2.763362e+00 5.483881e+00 4.392451e+00 6.205514e+00 6.505765e+00 6.091043e+00 2.595968e+00 2.770823e+00 4.597285e+00
 [46] 5.636160e+00 7.509525e+00 1.162320e+01 9.813024e+00 9.943985e+00 9.021523e+00 5.207877e+00 1.105543e+01 1.544568e+01
 [55] 1.084501e+01 1.429201e+01 9.418692e+00 5.243189e+00 5.323512e+00 8.928111e+00 1.059990e+01 8.073635e+00 8.231858e+00
 [64] 6.342142e+00 1.028033e+00 1.218848e+00 1.610802e-03 3.853439e-01 1.113384e+00 7.685475e-01 3.255547e+00 1.417005e+00
 [73] 9.048898e-01 3.973245e+00 3.235895e+00 5.132043e+00 4.916283e+00 5.743752e+00 5.185954e+00 7.236500e+00 1.256509e+01
 [82] 3.375381e+01 3.526569e+01 7.652293e+01 1.048355e+02 1.390984e+02 6.504073e+01 4.004658e+01 3.754586e+01 2.347061e+01
 [91] 2.408108e+01 2.127247e+01 8.773431e+00 1.632748e+00 6.559970e-01 2.376183e-01 8.378758e-01 1.164229e+00 2.269345e+00
[100] 8.345387e-02 4.570322e-01 7.399046e-01 5.067935e+00 4.357265e-01 3.203196e-05 2.244603e-01 2.668568e-01 8.302382e+00
[109] 7.656526e-01 1.291451e+00 7.295558e-02 1.853926e+01 1.048918e+01 6.371319e+00 1.853346e+01 5.107292e+00 1.434051e+01
[118] 1.361661e+01 1.237749e+01 1.596373e+01 2.382956e+01 1.273364e+01 1.614806e+01 3.598809e+01 1.869903e+01 2.806989e+01
[127] 1.760418e+01 7.121985e+00 1.889175e+01 1.430326e+01 2.248466e+01 2.123742e+01 3.653585e+00 1.020352e+00 3.475418e-02
[136] 3.719438e-01 9.255835e-01 5.518634e-03 3.383163e-01 2.941046e-01 3.546533e+00 1.375165e+01 1.874717e+01 2.902526e+01
[145] 3.273629e+01 4.741829e+01 5.475628e+01 5.891903e+01 5.518515e+01 7.818054e+01 6.045065e+01 7.340573e+01 7.921169e+01

