$rmse
[1] 0.241627

$mse
[1] 0.05838359

$pred.error
  [1] 3.772607e-02 8.594482e-02 7.389171e-06 9.684347e-02 5.734085e-03 4.490172e-04 3.213630e-02 7.369933e-03 3.065692e-02
 [10] 2.307237e-01 2.020881e-01 1.369234e-01 3.296744e-02 8.124210e-03 2.917320e-02 8.975437e-03 1.372070e-01 4.160752e-02
 [19] 1.763475e-01 2.677413e-02 6.871253e-02 1.573180e-01 2.642334e-04 2.901444e-02 3.967741e-01 1.777814e-02 4.116951e-03
 [28] 1.298164e-02 5.900941e-03 3.554508e-02 6.842484e-02 6.361559e-02 3.725701e-02 1.089406e-01 5.610932e-02 3.361270e-02
 [37] 1.853056e-02 1.735456e-02 4.749480e-03 6.863615e-03 6.104462e-02 1.004470e-01 4.380998e-02 4.770517e-02 5.226011e-06
 [46] 5.963298e-03 8.194453e-02 2.261503e-02 1.100429e-02 1.952557e-02 1.255564e-01 3.880778e-02 4.754333e-02 3.197011e-02
 [55] 5.536928e-03 2.547038e-02 9.088694e-02 1.175849e-02 6.202232e-04 2.174221e-03 5.880203e-03 1.152205e-02 1.092813e-03
 [64] 2.844411e-01 3.446236e-01 4.266411e-03 1.846316e-02 3.947746e-03 5.739683e-03 2.278120e-01 3.344286e-02 8.866471e-06
 [73] 6.432146e-02 3.773083e-03 2.900995e-03 1.039174e-02 1.762481e-02 1.563113e-02 2.353968e-02 3.916510e-02 6.519819e-02
 [82] 4.092351e-03 2.073598e-02 1.902202e-02 6.560228e-05 4.574824e-02 2.548852e-05 2.689207e-02 9.705450e-03 2.173377e-03
 [91] 8.853891e-02 2.041041e-01 2.229972e-01 4.793212e-02 7.156350e-02 2.844613e-03 2.280818e-02 5.813416e-05 1.844892e-01
[100] 5.702439e-02 4.867804e-01 2.439560e-01 7.350319e-02 1.323259e-02 1.211680e-04 3.330794e-02 2.213702e-01 1.948439e-01
[109] 1.510767e-02 1.075142e-01 2.297118e-01 5.413100e-02 2.149472e-01 1.312493e-04 5.118158e-02 2.081267e-01 4.343559e-03
[118] 5.737325e-02 1.181761e-03 1.237978e-03 9.447276e-02 1.049592e-03 2.420529e-01 4.512946e-03 2.348406e-01 6.789689e-02
[127] 4.628865e-03 3.711295e-02 7.708674e-03 3.780290e-02 1.535586e-02 3.524679e-01 1.933275e-02 1.106782e-03 3.907043e-03
[136] 8.446347e-02 7.388182e-03 5.113292e-03 1.238545e-01 1.785817e-03 5.260398e-03 6.505257e-02 1.123687e-02 3.958165e-02
[145] 2.006295e-02 1.041170e-04 1.101097e-01 4.182863e-02 8.012347e-02 4.507364e-02 7.646637e-04 3.109397e-03 1.562581e-02
[154] 1.051799e-02 2.140172e-02 4.807693e-03 1.312947e-02 6.416432e-03 2.763367e-02 3.382769e-02 1.332798e-02 1.752390e-04
[163] 1.236275e-02 2.724388e-02 4.915308e-03

$rmse
[1] 0.756341

$mse
[1] 0.5720517

$pred.error
  [1] 1.894166e-01 2.282216e-01 6.871147e-02 1.973785e-01 1.306724e-01 7.915889e-01 1.501844e+00 1.454235e+00 1.853637e+00
 [10] 1.796966e+00 8.797703e-01 7.709966e-01 5.372688e-01 9.508231e-01 1.067593e+00 7.702370e-01 1.399967e-01 1.992503e-03
 [19] 8.464192e-02 1.566851e+00 2.178114e+00 1.325390e+00 8.234194e-01 8.859883e-01 9.244625e-01 4.623017e-01 6.437553e-01
 [28] 1.053188e+00 3.310493e-01 6.691341e-02 8.228538e-03 1.992768e-01 2.677428e-01 5.495190e-01 2.670024e-01 2.930517e-03
 [37] 1.727965e-01 5.225125e-01 1.398987e-01 1.725778e-01 1.534635e-01 1.170237e-02 4.589549e-02 7.635836e-02 2.841933e-03
 [46] 1.656203e-01 6.741834e-02 4.916535e-01 5.401823e-01 3.039233e-01 3.354987e-01 3.272052e-01 3.708226e-01 1.906931e-01
 [55] 1.035084e-01 2.028007e-01 1.692664e-01 3.233846e-02 6.384551e-01 1.806192e+00 1.789959e+00 1.222619e+00 1.104396e+00
 [64] 1.150791e+00 1.361239e-02 4.884670e-02 7.855393e-02 1.643271e-01 2.630247e-01 3.863179e-01 8.352561e-02 9.215844e-02
 [73] 1.744917e-01 1.176803e-01 2.290899e-01 4.527191e-01 2.521941e-01 2.029602e-01 2.218149e-01 1.143949e-01 2.284481e-03
 [82] 6.136273e-02 1.237900e-01 1.037745e-01 2.212845e-01 5.771548e-01 1.025745e+00 2.117572e+00 2.236631e+00 2.683205e+00
 [91] 2.248270e+00 1.862148e+00 9.265776e-01 9.418210e-01 9.992853e-01 2.086869e+00 3.868388e+00 2.383516e+00 1.969016e+00
[100] 1.023900e+00 9.303621e-01 3.079784e-02 5.321831e-02 2.867989e-02 3.701916e-01 1.151265e+00 1.266094e+00 4.156735e+00
[109] 2.596984e+00 1.612301e+00 1.978051e+00 7.483792e-01 7.594561e-01 1.804374e-01 2.254646e-01 1.055235e+00 3.468949e-01
[118] 3.024551e-02 2.098491e-02 9.095296e-02 2.675158e-05 1.509362e-01 5.534977e-02 1.343123e-01 3.976298e-01 6.744169e-02
[127] 3.999523e-03 1.740378e-02 1.305438e-01 1.497900e-01 8.691674e-02 2.587960e-01 2.636778e-02 3.022224e-03 4.205716e-04
[136] 1.272156e-02 4.204661e-01 4.413095e-01 2.794823e-01 2.003936e-03 8.891337e-03 1.266632e-01 8.347679e-03 8.943889e-03
[145] 2.385617e-01 3.408155e-01 2.595933e-01 1.029692e-01 3.669312e-01 2.328542e-01 1.235193e-01 2.344427e-01 3.668826e-01
[154] 9.999770e-02 1.144825e-03 4.562183e-02 8.081118e-02 2.430886e-01 1.526500e-01

$rmse
[1] 1.187532

$mse
[1] 1.410233

$pred.error
  [1] 6.775954e-01 5.603138e-01 1.258789e+00 8.390662e-01 1.752418e+00 3.059987e+00 3.548847e+00 4.293809e+00 5.136916e+00
 [10] 4.479545e+00 1.446888e+00 6.151392e-01 9.620089e-02 2.098727e-01 4.017767e-01 1.852158e-01 3.527211e-01 8.057205e-01
 [19] 1.415727e+00 2.860180e+00 4.000715e+00 3.851998e+00 1.738452e+00 1.063554e+00 4.971308e-01 1.696995e-02 2.789137e-02
 [28] 1.871780e-02 7.233073e-04 2.853384e-02 1.211081e-01 1.278193e-01 3.346283e-03 4.321508e-02 1.071057e-03 2.286165e-02
 [37] 1.664601e-02 1.027580e-01 1.313173e-01 5.625526e-01 3.393495e-01 3.823299e-01 3.169797e-01 1.059799e-01 3.898259e-01
 [46] 8.222066e-01 6.757255e-01 1.019414e+00 8.577115e-01 8.184370e-01 7.947831e-01 4.351221e-01 1.707910e+00 2.925370e+00
 [55] 2.589391e+00 2.202981e+00 1.954320e+00 1.504665e+00 6.326234e-01 8.824784e-01 7.720390e-01 2.993875e-01 1.561845e-01
 [64] 9.452918e-02 3.455306e-02 2.511949e-01 4.457823e-01 4.790707e-01 8.442027e-01 1.455547e+00 5.464103e-01 4.955483e-01
 [73] 6.688380e-01 3.806206e-01 1.158968e-01 8.818867e-02 2.896630e-03 1.895300e-03 7.897965e-03 2.361368e-01 1.108060e+00
 [82] 2.749306e+00 3.180102e+00 3.618687e+00 3.551841e+00 3.944299e+00 3.223444e+00 4.731938e+00 5.053943e+00 7.977707e+00
 [91] 1.042055e+01 7.309870e+00 4.979056e+00 3.491604e+00 3.451001e+00 1.337200e+00 2.625573e+00 2.567584e+00 3.616518e+00
[100] 4.066968e+00 4.141208e+00 3.484634e+00 1.857312e+00 2.016177e+00 3.936615e+00 3.642167e+00 3.905891e+00 5.958311e+00
[109] 4.355248e+00 5.213443e+00 4.053568e+00 1.109131e+00 5.624430e-01 5.389580e-01 2.388815e-01 4.534066e-01 1.394797e-01
[118] 2.888228e-01 2.213439e-01 3.094904e-01 5.539322e-03 3.052655e-01 3.912685e-01 7.901423e-04 1.107840e-01 6.591386e-02
[127] 8.093065e-03 3.657449e-02 1.194603e-01 2.560475e-01 9.215781e-01 1.414200e+00 1.454082e-01 1.100432e-02 6.778390e-03
[136] 2.224714e-01 2.828901e-01 5.282446e-01 9.947957e-01 4.011518e-01 3.651920e-01 4.277488e-01 2.745604e-01 3.253298e-01
[145] 6.362941e-01 1.037859e+00 1.149448e+00 3.665243e-01 3.391279e-01 4.796351e-02 7.814004e-04 3.809431e-03 2.240011e-02

$rmse
[1] 0.2482843

$mse
[1] 0.0616451

$pred.error
  [1] 3.530932e-04 2.032902e-01 2.614112e-02 2.193271e-01 5.396363e-02 1.685613e-02 1.388018e-03 4.700694e-02 9.170691e-02
 [10] 1.255851e-01 1.162324e-01 7.967894e-02 1.274182e-02 1.129977e-03 4.799173e-02 1.815197e-03 1.059879e-01 3.206994e-02
 [19] 1.654588e-01 3.069741e-02 5.784705e-02 1.538965e-01 8.756813e-04 3.365767e-02 4.208026e-01 2.937806e-02 5.789728e-04
 [28] 2.262824e-02 1.316498e-02 5.114832e-02 9.072840e-02 8.732092e-02 5.764645e-02 7.919523e-02 3.907656e-02 2.297846e-02
 [37] 1.216711e-02 2.332145e-02 2.116124e-03 3.959682e-03 6.962117e-02 1.146326e-01 5.570997e-02 3.581901e-02 4.614810e-04
 [46] 2.994061e-03 7.106625e-02 2.649572e-02 1.433963e-02 2.427084e-02 1.384230e-01 3.054977e-02 5.570016e-02 3.957682e-02
 [55] 2.857538e-03 3.170556e-02 1.027280e-01 7.620737e-03 1.906181e-03 4.182521e-03 8.849031e-03 1.538112e-02 2.432617e-03
 [64] 3.012627e-01 3.652976e-01 7.200921e-03 1.353858e-02 6.463106e-03 8.622977e-03 2.122723e-01 3.871500e-02 1.260143e-04
 [73] 5.766674e-02 2.515674e-03 1.893707e-03 8.550497e-03 1.989053e-02 1.352650e-02 2.131289e-02 3.690742e-02 6.328349e-02
 [82] 4.216046e-03 2.117492e-02 1.840394e-02 5.270394e-05 4.599652e-02 6.932149e-06 2.766086e-02 1.040895e-02 2.591472e-03
 [91] 9.124488e-02 2.106218e-01 2.344668e-01 5.645686e-02 8.351308e-02 7.648113e-04 3.075714e-02 1.110361e-03 2.064983e-01
[100] 7.211803e-02 5.341156e-01 2.908215e-01 4.654582e-02 4.564712e-03 2.985006e-03 5.056776e-02 1.826399e-01 2.262897e-01
[109] 2.478184e-02 1.313541e-01 2.660610e-01 7.599266e-02 2.621867e-01 2.290768e-03 2.814441e-02 2.572650e-01 4.573323e-05
[118] 8.770184e-02 9.246899e-03 9.457671e-03 1.365244e-01 1.042721e-02 1.779396e-01 9.794493e-05 2.905211e-01 3.855658e-02
[127] 1.415382e-04 6.070094e-02 2.054485e-02 6.289095e-02 3.341648e-02 2.843540e-01 8.317848e-03 1.439441e-04 1.126625e-02
[136] 1.111677e-01 1.781085e-03 1.277017e-02 9.679842e-02 6.088251e-03 1.422287e-03 4.944606e-02 5.781756e-03 5.156218e-02
[145] 2.851283e-02 2.587730e-04 9.438588e-02 5.132597e-02 6.826667e-02 3.738280e-02 1.944874e-03 5.122960e-03 1.203761e-02
[154] 7.969051e-03 1.822048e-02 3.563051e-03 1.120863e-02 5.403003e-03 2.925239e-02 3.631631e-02 1.539053e-02 5.343723e-04
[163] 1.457318e-02 2.387569e-02 3.831149e-03

$rmse
[1] 0.7889668

$mse
[1] 0.6224685

$pred.error
  [1] 1.342379e+00 1.294730e+00 9.492231e-01 1.281920e+00 1.164490e-01 3.829937e-02 3.261742e-01 3.880817e-01 6.189982e-01
 [10] 5.796098e-01 2.021167e-01 2.332694e-01 1.725759e-01 5.039238e-01 6.450228e-01 3.963673e-01 2.584971e-02 5.758458e-03
 [19] 1.259894e-01 1.427801e+00 1.853380e+00 1.276093e+00 9.408830e-01 1.006490e+00 1.103038e+00 7.400272e-01 9.886292e-01
 [28] 1.436867e+00 5.736821e-01 1.948700e-01 1.004865e-02 5.723037e-02 8.354833e-02 2.619984e-01 1.092600e-01 9.576999e-03
 [37] 2.915552e-01 6.801692e-01 2.355407e-01 2.624671e-01 2.245815e-01 2.882803e-06 7.110086e-03 1.777369e-02 2.880465e-02
 [46] 2.676375e-01 1.272805e-01 5.821154e-01 6.544228e-01 3.991621e-01 4.460430e-01 4.667257e-01 4.889056e-01 2.904439e-01
 [55] 1.828628e-01 2.968749e-01 2.581250e-01 8.227856e-02 7.998479e-01 2.063778e+00 2.039980e+00 1.422289e+00 1.290841e+00
 [64] 1.331505e+00 4.236460e-02 1.420861e-02 3.321683e-02 1.000766e-01 1.809186e-01 2.879575e-01 4.704241e-02 5.300085e-02
 [73] 1.212874e-01 8.073592e-02 1.805089e-01 3.881153e-01 2.105880e-01 1.636299e-01 1.866783e-01 9.488008e-02 4.573113e-03
 [82] 6.389167e-02 1.292994e-01 1.112457e-01 2.251028e-01 5.813397e-01 1.050309e+00 2.149749e+00 2.287618e+00 2.752186e+00
 [91] 2.314351e+00 1.960374e+00 1.046851e+00 1.137292e+00 1.231816e+00 2.490067e+00 4.388271e+00 2.823705e+00 2.356656e+00
[100] 1.358100e+00 1.289630e+00 3.627802e-03 2.919421e-03 1.770758e-01 7.092518e-01 1.691621e+00 1.835167e+00 4.988081e+00
[109] 3.229243e+00 2.116881e+00 2.545541e+00 1.153968e+00 1.230127e+00 5.125357e-01 5.731191e-01 1.630182e+00 7.609937e-01
[118] 1.976107e-01 2.254934e-02 3.557213e-01 8.959477e-02 2.955974e-03 1.009886e-02 4.021074e-01 7.841940e-01 3.155997e-01
[127] 4.021339e-02 1.511790e-02 1.031090e-02 1.494885e-02 3.664381e-04 5.061835e-02 1.506205e-01 2.541319e-02 5.214102e-02
[136] 8.177015e-03 1.955251e-01 2.180109e-01 1.131478e-01 1.560996e-02 5.253988e-03 3.886448e-02 5.657636e-02 2.007554e-03
[145] 1.248029e-01 2.042961e-01 1.486300e-01 4.374662e-02 2.460590e-01 1.484114e-01 7.149128e-02 1.623475e-01 2.776798e-01
[154] 6.140265e-02 6.372337e-04 6.982036e-02 1.088157e-01 2.793326e-01 1.744091e-01

$rmse
[1] 1.224592

$mse
[1] 1.499625

$pred.error
  [1] 1.443958e-02 1.581814e-02 1.849180e-02 1.980621e-03 9.395935e-02 5.215826e-01 8.315712e-01 1.538824e+00 2.070202e+00
 [10] 1.591388e+00 2.550804e-01 5.203353e-02 2.148225e-02 7.143629e-01 9.477225e-01 6.373283e-01 8.290765e-01 1.162722e+00
 [19] 1.653748e+00 2.574310e+00 3.277559e+00 3.721109e+00 1.990559e+00 1.261892e+00 7.008584e-01 1.606004e-01 2.095416e-01
 [28] 1.557245e-01 6.221134e-02 2.022044e-01 4.098008e-01 4.538914e-01 8.730325e-02 1.926244e-02 6.200626e-02 6.363016e-03
 [37] 1.012444e-01 2.271209e-01 2.842948e-01 8.080285e-01 5.030441e-01 6.142295e-01 5.830456e-01 3.011083e-01 6.482448e-01
 [46] 1.162748e+00 9.481390e-01 1.224793e+00 1.086978e+00 1.065308e+00 1.064710e+00 6.998829e-01 2.104495e+00 3.516186e+00
 [55] 3.167535e+00 2.684485e+00 2.417067e+00 1.960123e+00 9.030689e-01 1.190839e+00 1.057630e+00 4.783461e-01 2.893804e-01
 [64] 1.961266e-01 1.493744e-03 1.095055e-01 2.587030e-01 2.988475e-01 6.000750e-01 1.137062e+00 3.838576e-01 3.395944e-01
 [73] 4.945788e-01 2.693702e-01 6.324164e-02 4.571589e-02 3.249889e-04 1.113198e-03 2.355520e-02 2.872501e-01 1.178537e+00
 [82] 2.777188e+00 3.225164e+00 3.688911e+00 3.575250e+00 3.960700e+00 3.293185e+00 4.805645e+00 5.173402e+00 8.164453e+00
 [91] 1.064201e+01 7.617515e+00 5.421230e+00 4.097761e+00 4.147480e+00 1.890984e+00 3.356982e+00 3.350904e+00 4.501557e+00
[100] 5.149382e+00 5.369447e+00 5.114856e+00 3.383032e+00 3.416464e+00 5.689226e+00 5.287475e+00 5.610802e+00 7.758990e+00
[109] 5.792097e+00 6.772372e+00 5.439953e+00 1.931432e+00 1.290772e+00 1.460822e+00 8.844690e-01 1.162733e+00 6.816249e-01
[118] 9.367277e-01 8.826068e-01 1.044687e+00 1.507204e-01 3.736302e-04 8.248731e-03 1.487508e-01 5.313768e-01 4.585276e-02
[127] 2.508902e-01 4.408768e-02 3.347501e-03 8.592335e-03 2.819959e-01 5.569187e-01 7.607550e-04 5.380550e-02 6.046792e-02
[136] 2.292470e-02 4.337144e-02 1.717910e-01 4.838352e-01 1.338130e-01 1.148135e-01 1.584879e-01 8.229538e-02 1.170890e-01
[145] 3.311598e-01 6.397480e-01 7.484553e-01 1.749248e-01 1.595001e-01 2.930980e-03 1.294076e-02 3.977938e-02 2.505241e-04

$rmse
[1] 0.2380791

$mse
[1] 0.05668167

$pred.error
  [1] 5.863264e-03 1.554807e-01 1.295999e-02 1.786037e-01 4.000630e-02 1.034698e-02 3.923609e-03 3.543891e-02 7.744840e-02
 [10] 1.366139e-01 1.360806e-01 1.032549e-01 2.514115e-02 5.759410e-03 3.344654e-02 5.567146e-03 1.251807e-01 3.919228e-02
 [19] 1.743453e-01 2.666812e-02 6.918595e-02 1.574882e-01 5.910382e-04 3.180468e-02 4.109897e-01 2.359001e-02 2.207482e-03
 [28] 1.654023e-02 8.109094e-03 4.006491e-02 7.289672e-02 6.500878e-02 3.468361e-02 1.193229e-01 5.726753e-02 3.356559e-02
 [37] 1.835441e-02 1.744823e-02 4.624991e-03 6.712758e-03 6.128843e-02 1.015118e-01 4.486422e-02 4.680671e-02 3.106965e-07
 [46] 5.583227e-03 8.062667e-02 2.300172e-02 1.146386e-02 2.016498e-02 1.272930e-01 3.784959e-02 4.877101e-02 3.276975e-02
 [55] 5.361207e-03 2.600947e-02 9.117337e-02 1.237024e-02 5.546589e-04 1.988839e-03 5.490119e-03 1.089335e-02 8.468243e-04
 [64] 2.803343e-01 3.279401e-01 7.760454e-04 2.981134e-02 1.320352e-03 2.461268e-03 2.535543e-01 2.871960e-02 3.202938e-04
 [73] 7.149574e-02 5.018007e-03 3.897477e-03 1.208995e-02 1.590499e-02 1.748752e-02 2.516942e-02 4.062907e-02 6.630493e-02
 [82] 4.047482e-03 2.055182e-02 1.937379e-02 6.784186e-05 4.572654e-02 4.461357e-05 2.647891e-02 9.130679e-03 1.818237e-03
 [91] 8.614465e-02 1.960424e-01 2.032048e-01 3.199062e-02 4.965230e-02 1.087891e-02 1.229412e-02 1.065610e-03 1.546949e-01
[100] 3.886983e-02 4.297689e-01 1.959572e-01 1.058946e-01 2.568866e-02 1.267337e-03 1.792982e-02 2.678534e-01 1.497649e-01
[109] 5.762390e-03 7.925137e-02 1.910812e-01 3.880830e-02 1.852217e-01 1.938192e-03 6.469169e-02 1.895535e-01 6.911382e-03
[118] 5.077954e-02 4.667176e-04 6.061967e-04 8.915193e-02 6.477859e-04 2.467047e-01 4.577505e-03 2.328704e-01 6.402715e-02
[127] 3.809638e-03 3.895176e-02 9.135367e-03 4.124138e-02 1.818970e-02 3.385652e-01 1.728338e-02 8.548827e-04 4.276349e-03
[136] 8.666853e-02 6.028346e-03 6.235246e-03 1.183867e-01 2.495093e-03 4.189989e-03 6.128892e-02 9.923505e-03 4.187488e-02
[145] 2.199176e-02 1.469019e-05 1.059940e-01 4.471940e-02 7.614784e-02 4.139829e-02 1.347050e-03 4.189088e-03 1.348164e-02
[154] 8.786628e-03 1.896872e-02 3.756900e-03 1.145166e-02 5.355278e-03 2.978428e-02 3.657058e-02 1.519958e-02 4.430964e-04
[163] 1.420438e-02 2.454514e-02 3.774768e-03

$rmse
[1] 0.7035496

$mse
[1] 0.494982

$pred.error
  [1] 1.025784e+00 9.343358e-01 6.878369e-01 9.704100e-01 6.182672e-02 8.133719e-02 4.276011e-01 5.018691e-01 7.385242e-01
 [10] 6.412282e-01 3.043483e-01 4.150060e-01 3.854391e-01 8.197438e-01 9.485759e-01 6.096315e-01 8.667516e-02 2.353873e-04
 [19] 9.160990e-02 1.568867e+00 2.187026e+00 1.324125e+00 8.909799e-01 9.555283e-01 1.025660e+00 6.004939e-01 7.803797e-01
 [28] 1.199817e+00 4.066658e-01 9.816230e-02 2.661031e-03 1.896267e-01 3.089936e-01 6.812539e-01 2.825050e-01 3.078607e-03
 [37] 1.742333e-01 5.232350e-01 1.421529e-01 1.750818e-01 1.544038e-01 1.025575e-02 4.146743e-02 7.194908e-02 4.324552e-03
 [46] 1.745890e-01 7.268649e-02 4.989145e-01 5.539372e-01 3.148176e-01 3.478490e-01 3.386122e-01 3.855953e-01 1.985787e-01
 [55] 1.056730e-01 2.079506e-01 1.689024e-01 2.644320e-02 6.230680e-01 1.771374e+00 1.747985e+00 1.183550e+00 1.056804e+00
 [64] 1.103743e+00 1.531721e-03 1.818802e-01 2.318660e-01 3.010309e-01 4.279637e-01 5.826984e-01 1.296492e-01 1.463752e-01
 [73] 2.406269e-01 1.540557e-01 2.741663e-01 5.109052e-01 2.884013e-01 2.384611e-01 2.483860e-01 1.278947e-01 1.309396e-03
 [82] 6.015546e-02 1.210360e-01 9.916922e-02 2.199928e-01 5.757910e-01 1.007830e+00 2.097747e+00 2.190778e+00 2.616301e+00
 [91] 2.186433e+00 1.737270e+00 7.216961e-01 5.680842e-01 5.725823e-01 1.357900e+00 3.061104e+00 1.757621e+00 1.458977e+00
[100] 6.169431e-01 5.396707e-01 2.120265e-01 2.882433e-01 6.733386e-03 1.224383e-01 6.443282e-01 7.448779e-01 3.011170e+00
[109] 1.823502e+00 1.023387e+00 1.372568e+00 4.432677e-01 4.686272e-01 5.724987e-02 9.969237e-02 8.297410e-01 2.421056e-01
[118] 8.962999e-03 4.693167e-02 5.884570e-02 1.903199e-03 1.828571e-01 6.836768e-02 1.332443e-01 3.846075e-01 9.178989e-02
[127] 7.414833e-04 1.108128e-02 1.006028e-01 1.143690e-01 5.424919e-02 1.953119e-01 4.179173e-02 1.066351e-03 1.317050e-03
[136] 8.489796e-03 3.630841e-01 3.888144e-01 2.357341e-01 9.227663e-06 2.721982e-03 9.969088e-02 1.571306e-02 4.170788e-03
[145] 2.052443e-01 3.023909e-01 2.267407e-01 8.064739e-02 3.222831e-01 1.897242e-01 9.204555e-02 1.906043e-01 3.117722e-01
[154] 7.247582e-02 1.366461e-04 6.563688e-02 1.052852e-01 2.805003e-01 1.799194e-01

$rmse
[1] 1.04821

$mse
[1] 1.098745

$pred.error
  [1] 7.924280e-03 8.175950e-05 5.519512e-02 5.333080e-03 1.291789e-01 6.267867e-01 9.651647e-01 1.680056e+00 2.196032e+00
 [10] 1.614907e+00 3.730772e-01 1.810381e-01 1.829317e-02 3.219644e-01 5.286043e-01 3.356189e-01 5.131758e-01 8.899439e-01
 [19] 1.460129e+00 2.861006e+00 4.011731e+00 3.840415e+00 1.880262e+00 1.174316e+00 6.083851e-01 7.424947e-02 8.374884e-02
 [28] 5.811620e-02 4.526065e-03 6.315434e-02 1.651617e-01 1.373933e-01 1.626337e-02 1.272797e-01 3.682704e-03 2.443638e-02
 [37] 1.680744e-02 1.021480e-01 1.332433e-01 5.664593e-01 3.395546e-01 3.935986e-01 3.332093e-01 1.123783e-01 4.119467e-01
 [46] 8.498804e-01 6.984621e-01 1.032755e+00 8.815379e-01 8.431475e-01 8.211011e-01 4.516965e-01 1.751274e+00 2.964019e+00
 [55] 2.594351e+00 2.218352e+00 1.940562e+00 1.425090e+00 6.011271e-01 8.356313e-01 7.207407e-01 2.641460e-01 1.249522e-01
 [64] 7.146228e-02 1.030388e-01 7.551362e-01 1.054998e+00 8.916574e-01 1.362650e+00 2.119421e+00 7.413248e-01 7.046696e-01
 [73] 8.882275e-01 4.911201e-01 1.735636e-01 1.352268e-01 1.270378e-02 1.153987e-02 1.810162e-03 2.051531e-01 1.066400e+00
 [82] 2.732881e+00 3.153580e+00 3.569274e+00 3.539583e+00 3.934695e+00 3.168030e+00 4.680440e+00 4.938006e+00 7.784680e+00
 [91] 1.019903e+01 6.894279e+00 4.150591e+00 2.205081e+00 2.030511e+00 4.280581e-01 1.527773e+00 1.478830e+00 2.425794e+00
[100] 2.603924e+00 2.637242e+00 1.810957e+00 6.295108e-01 9.234651e-01 2.289700e+00 2.001197e+00 2.238583e+00 3.550173e+00
[109] 2.593048e+00 3.280251e+00 2.506121e+00 4.706830e-01 1.628081e-01 1.480363e-01 3.654834e-02 2.110360e-01 3.729439e-02
[118] 1.530174e-01 1.135212e-01 1.999109e-01 2.702579e-02 3.915259e-01 4.544214e-01 8.427685e-04 9.940108e-02 3.083044e-02
[127] 2.470112e-02 2.006296e-02 6.949973e-02 1.726560e-01 7.144987e-01 1.135297e+00 9.262142e-02 4.073472e-03 2.862578e-03
[136] 1.884954e-01 2.013861e-01 4.270041e-01 8.458123e-01 3.124706e-01 2.803455e-01 3.399871e-01 2.156338e-01 2.683871e-01
[145] 5.412244e-01 9.203417e-01 1.027626e+00 2.927207e-01 2.658591e-01 1.882664e-02 3.077289e-03 2.084899e-02 4.534339e-03

$rmse
[1] 0.2940126

$mse
[1] 0.08644342

$pred.error
  [1] 8.007872e-04 2.237473e-01 4.750447e-02 2.724092e-01 1.060588e-01 5.469015e-02 3.607009e-03 8.155925e-02 1.477050e-01
 [10] 6.179235e-02 8.210823e-02 7.398206e-02 1.569192e-02 2.448202e-03 4.420774e-02 2.090234e-03 1.081115e-01 3.389960e-02
 [19] 1.677559e-01 2.684716e-02 6.852648e-02 1.570256e-01 1.437313e-03 3.718401e-02 4.405574e-01 4.594842e-02 6.951378e-04
 [28] 3.803469e-02 2.698708e-02 7.747345e-02 1.283202e-01 1.334101e-01 1.046898e-01 3.788682e-02 1.589261e-02 9.296319e-03
 [37] 4.477911e-03 3.518780e-02 2.908116e-05 7.432636e-04 8.625542e-02 1.469200e-01 8.644558e-02 1.402700e-02 5.797265e-03
 [46] 5.975465e-06 4.872124e-02 3.613218e-02 2.379073e-02 3.778097e-02 1.723331e-01 1.474953e-02 7.773808e-02 6.181945e-02
 [55] 1.920141e-05 4.963112e-02 1.369183e-01 4.415066e-04 1.045546e-02 1.514548e-02 2.342017e-02 3.352779e-02 1.221815e-02
 [64] 3.711689e-01 4.631690e-01 2.727973e-02 1.388281e-03 2.512432e-02 2.938280e-02 1.452369e-01 6.099307e-02 4.675129e-03
 [73] 3.411519e-02 2.671321e-05 1.129672e-05 3.169528e-03 2.982638e-02 6.346542e-03 1.307325e-02 2.839180e-02 5.614816e-02
 [82] 5.002100e-03 2.349992e-02 1.453088e-02 1.384332e-05 5.100717e-02 7.801054e-05 3.030178e-02 1.287476e-02 4.102423e-03
 [91] 9.984858e-02 2.364872e-01 2.821422e-01 9.031446e-02 1.222353e-01 1.636899e-03 6.586667e-02 1.352113e-02 2.934853e-01
[100] 1.363694e-01 7.076973e-01 4.740203e-01 4.217581e-03 6.589077e-03 4.154623e-02 1.393379e-01 7.273962e-02 3.505382e-01
[109] 8.922142e-02 2.585460e-01 4.621247e-01 2.137025e-01 5.087546e-01 8.599683e-02 4.269854e-03 5.153593e-01 5.133285e-02
[118] 2.630822e-01 1.065675e-01 1.044702e-01 3.507882e-01 1.207310e-01 3.281086e-02 3.906863e-02 5.422309e-01 8.144318e-04
[127] 3.483505e-02 1.929412e-01 1.152930e-01 2.019122e-01 1.493020e-01 1.058377e-01 5.516826e-03 2.912274e-02 6.814059e-02
[136] 2.407225e-01 1.805704e-02 7.775770e-02 2.040456e-02 4.457609e-02 9.628486e-03 8.614824e-03 9.249859e-04 1.054095e-01
[145] 7.825846e-02 1.874570e-02 3.540239e-02 1.016769e-01 2.357138e-02 1.106207e-02 1.404631e-02 2.175041e-02 9.281961e-04
[154] 3.935514e-04 5.344407e-03 1.141910e-04 4.029037e-03 1.354213e-03 4.206301e-02 5.402986e-02 3.078457e-02 6.292917e-03
[163] 3.117745e-02 8.455456e-03 1.696367e-04

$rmse
[1] 1.019944

$mse
[1] 1.040285

$pred.error
  [1] 1.861620e+00 1.489874e+00 1.370571e+00 1.703818e+00 4.534709e-01 2.536461e-02 5.899724e-02 1.492531e-01 2.612240e-01
 [10] 1.610779e-01 8.593138e-02 2.608874e-01 2.997265e-01 7.276952e-01 8.334786e-01 5.091328e-01 5.521952e-02 2.247712e-04
 [19] 1.032242e-01 1.597008e+00 2.278344e+00 1.322084e+00 9.699104e-01 1.042711e+00 1.172674e+00 9.515791e-01 1.275112e+00
 [28] 1.739089e+00 7.912773e-01 3.380559e-01 6.599210e-02 1.490606e-03 2.332120e-03 6.555685e-02 1.357324e-02 6.588431e-02
 [37] 4.347781e-01 8.404744e-01 3.569940e-01 3.722674e-01 3.064601e-01 1.584155e-02 8.415233e-03 7.855814e-03 1.122894e-01
 [46] 4.562649e-01 2.434910e-01 7.043501e-01 8.259103e-01 5.558200e-01 6.366207e-01 7.199642e-01 6.887848e-01 4.818712e-01
 [55] 3.380742e-01 4.683720e-01 4.460160e-01 2.569549e-01 1.185607e+00 2.652595e+00 2.633653e+00 1.932534e+00 1.807030e+00
 [64] 1.847944e+00 2.445897e-01 3.734613e-02 1.893823e-02 8.715691e-05 1.383493e-02 4.989101e-02 1.825378e-03 6.263063e-04
 [73] 2.281674e-02 1.848040e-02 8.718116e-02 2.627205e-01 1.331685e-01 8.559391e-02 1.145998e-01 5.737961e-02 1.155797e-02
 [82] 7.338782e-02 1.483705e-01 1.518958e-01 2.681801e-01 6.522472e-01 1.144032e+00 2.262535e+00 2.444420e+00 2.935462e+00
 [91] 2.499925e+00 2.264221e+00 1.412808e+00 1.599037e+00 1.649039e+00 3.132976e+00 5.517940e+00 3.779444e+00 3.259047e+00
[100] 2.243502e+00 2.268834e+00 3.398345e-01 3.422746e-01 8.750596e-01 1.797204e+00 3.197095e+00 3.571187e+00 6.578723e+00
[109] 5.174905e+00 3.823285e+00 4.795586e+00 3.181432e+00 3.571591e+00 2.844528e+00 2.855576e+00 4.514804e+00 3.363041e+00
[118] 1.804944e+00 1.240231e+00 2.387228e+00 1.533400e+00 9.672480e-01 1.249023e+00 2.302668e+00 2.985040e+00 2.347085e+00
[127] 1.126001e+00 9.092368e-01 5.712306e-01 5.528893e-01 7.631185e-01 4.690507e-01 1.227773e+00 7.012710e-01 7.832299e-01
[136] 5.843219e-01 1.178161e-01 7.284780e-02 1.780790e-01 5.156620e-01 4.638472e-01 1.447505e-01 4.900221e-01 2.106231e-01
[145] 1.931536e-02 8.951355e-03 2.408788e-02 3.858858e-02 3.536354e-05 4.620514e-06 2.799511e-03 5.414725e-03 3.149347e-02
[154] 3.968294e-03 9.389304e-02 2.362689e-01 2.751299e-01 4.916978e-01 3.402925e-01

$rmse
[1] 1.537018

$mse
[1] 2.362424

$pred.error
  [1] 2.205001e-01 7.576151e-02 1.521095e-02 6.577543e-02 9.484748e-03 1.002299e-01 2.970500e-01 9.151344e-01 1.247663e+00
 [10] 7.254597e-01 1.257551e-01 1.011703e-01 1.217275e-02 3.202371e-01 5.594940e-01 3.726258e-01 5.563646e-01 9.075569e-01
 [19] 1.479892e+00 2.989154e+00 4.447931e+00 3.845848e+00 1.987265e+00 1.265629e+00 7.208401e-01 2.364047e-01 3.117699e-01
 [28] 2.364642e-01 1.208635e-01 3.069994e-01 5.854219e-01 7.213881e-01 2.584171e-01 1.438766e-01 2.033368e-01 4.842153e-02
 [37] 1.720529e-01 2.962559e-01 3.891650e-01 9.541152e-01 5.913970e-01 7.960012e-01 8.688476e-01 5.934199e-01 9.248660e-01
 [46] 1.507622e+00 1.209220e+00 1.367480e+00 1.276451e+00 1.285755e+00 1.328749e+00 9.964245e-01 2.479740e+00 4.107177e+00
 [55] 3.735096e+00 3.150713e+00 2.959058e+00 2.684049e+00 1.345807e+00 1.680474e+00 1.527526e+00 8.223689e-01 5.924312e-01
 [64] 4.535870e-01 1.104928e-01 7.753839e-03 3.533632e-03 1.711684e-02 1.288648e-01 4.106152e-01 1.690482e-01 1.077941e-01
 [73] 2.118866e-01 1.238840e-01 1.171021e-02 1.006857e-02 1.250710e-02 2.238236e-02 6.123209e-02 3.631659e-01 1.255083e+00
 [82] 2.840206e+00 3.327880e+00 3.972617e+00 3.802292e+00 4.210732e+00 3.518547e+00 5.075572e+00 5.540745e+00 8.634966e+00
 [91] 1.125366e+01 8.475323e+00 6.530232e+00 5.177685e+00 5.028398e+00 2.547887e+00 4.584500e+00 4.629333e+00 5.946843e+00
[100] 7.293734e+00 7.875694e+00 8.850878e+00 6.693382e+00 6.463817e+00 9.171577e+00 8.532664e+00 9.454923e+00 9.924809e+00
[109] 9.280513e+00 1.076544e+01 1.009989e+01 5.964945e+00 5.279397e+00 7.064384e+00 5.494015e+00 5.553481e+00 5.343045e+00
[118] 5.580329e+00 5.956690e+00 6.266394e+00 3.447781e+00 2.550147e+00 2.228672e+00 3.121410e+00 4.193588e+00 3.038791e+00
[127] 3.467186e+00 2.290163e+00 2.029054e+00 1.647767e+00 8.044753e-01 4.972195e-01 1.243619e+00 1.668183e+00 1.602827e+00
[136] 8.176119e-01 1.102242e+00 5.884820e-01 2.827110e-01 3.505076e-01 4.212330e-01 2.896028e-01 2.042517e-01 9.582566e-02
[145] 4.980475e-02 9.553706e-03 6.439672e-04 5.505232e-02 1.660738e-01 3.199708e-01 3.816185e-01 5.200603e-01 2.967546e-01

